"","date","cases","deaths","cum_cases","cum_deaths","p_cases","p_cases_low","p_cases_high","p_cases_active","p_cases_active_undetected","population"
"2646","2020/03/18",1,0,1,0,NA,NA,NA,3.48406562586013e-06,0,287021
"2645","2020/03/19",0,0,1,0,0,NA,NA,3.48406562586013e-06,0,287021
"2644","2020/03/20",1,0,2,0,0,NA,NA,6.96813125172026e-06,0,287021
"2643","2020/03/21",4,0,6,0,0,NA,NA,2.09043937551608e-05,0,287021
"2642","2020/03/22",8,0,14,0,0,NA,NA,4.87769187620418e-05,0,287021
"2641","2020/03/23",3,0,17,0,0,0,NA,5.92291156396222e-05,0,287021
"2640","2020/03/24",0,0,17,0,0,0,NA,5.92291156396222e-05,0,287021
"2639","2020/03/25",1,0,18,0,0,0,NA,6.27131812654823e-05,0,287021
"2638","2020/03/26",0,0,18,0,0,0,NA,6.27131812654823e-05,0,287021
"2637","2020/03/27",6,0,24,0,0,0,NA,8.36175750206431e-05,0,287021
"2636","2020/03/28",0,0,24,0,0,0,NA,8.36175750206431e-05,0,287021
"2635","2020/03/29",2,0,26,0,0,0,NA,9.05857062723633e-05,0,287021
"2634","2020/03/30",7,0,33,0,0,0,NA,0.000111490100027524,0,287021
"2633","2020/03/31",1,0,34,0,0,0,NA,0.000114974165653384,0,287021
"2632","2020/04/01",0,0,34,0,0,0,NA,0.000111490100027524,0,287021
"2631","2020/04/02",11,0,45,0,0,0,NA,0.000135878559408545,0,287021
"2630","2020/04/03",0,0,45,0,0,0,NA,0.000108006034401664,0,287021
"2629","2020/04/04",0,0,45,0,0,0,NA,9.75538375240836e-05,0,287021
"2628","2020/04/05",6,0,51,0,0,0,NA,0.000118458231279244,0,287021
"2627","2020/04/06",5,1,56,1,0.000609627939697403,9.33332791506642e-05,0.00398192614940451,0.000169405231697795,3.70107379151103e-05,287021
"2626","2020/04/07",4,1,60,2,0.00118298692633875,0.000477848116711424,0.00292866712025473,0.000248271026787045,0.00010194027050092,287021
"2625","2020/04/08",3,1,63,3,0.00169249851657878,0.000942690764500123,0.00303869660815056,0.000307961800488017,0.000172083241079472,287021
"2624","2020/04/09",0,0,63,3,0.00154370717225873,0.000854011822143615,0.00279039677425249,0.000307961800488017,0.000172083241079472,287021
"2623","2020/04/10",3,0,66,3,0.00148496075093256,0.000816941797096368,0.00269922342038044,0.000368491885187777,0.000229129260153371,287021
"2622","2020/04/11",1,1,67,4,0.00186055144113298,0.00120132830863294,0.00288152009756701,0.000371872850301278,0.000253414619022033,287021
"2621","2020/04/12",1,0,68,4,0.00176058057202549,0.00113202780464789,0.00273813411461015,0.000394279675440498,0.000275821444161254,287021
"2620","2020/04/13",3,0,71,4,0.00172606841878524,0.00110586010209951,0.00269411309863829,0.000467212143839875,0.00033830171568305,287021
"2619","2020/04/14",1,0,72,4,0.00165327835726665,0.00105698039709036,0.00258597920465752,0.000451849621361894,0.000357779849463671,287021
"2618","2020/04/15",1,1,73,5,0.00198812606176576,0.00139921549624513,0.00282490098778877,0.000479084224947727,0.000381530387423643,287021
"2617","2020/04/16",2,0,75,5,0.00194681006702226,0.00136656825858213,0.00277342124204726,0.00053099916006832,0.000426477191292516,287021
"2616","2020/04/17",0,0,75,5,0.00186290851544629,0.0013056237075655,0.0026580615201859,0.00051009476631316,0.000426477191292516,287021
"2615","2020/04/18",0,0,75,5,0.00178908376560033,0.00125206634764123,0.00255643059680078,0.000455663700268749,0.000389466453377406,287021
"2614","2020/04/19",0,0,75,5,0.00172508433436084,0.00120565478441756,0.00246829855371479,0.000376797905179499,0.000324536920791597,287021
"2613","2020/04/20",0,0,75,5,0.00167013968622347,0.00116579556083763,0.00239267215041931,0.000296202737723366,0.000254393950213045,287021
"2612","2020/04/21",0,0,75,5,0.00162311695566031,0.00113230112659434,0.00232668553432945,0.000296202737723366,0.000254393950213045,287021
"2611","2020/04/22",0,0,75,5,0.00158283588483997,0.00110295757383562,0.00227150118714405,0.000228704521771886,0.000197347931139145,287021
"2610","2020/04/23",1,1,76,6,0.00188263709245296,0.00139968678991114,0.0025322253860128,0.000225706637967535,0.000194350047334794,287021
"2609","2020/04/24",0,0,76,6,0.00184585587341374,0.00137162998270855,0.00248404011895967,0.000199815747202454,0.000171943222195573,287021
"2608","2020/04/25",0,0,76,6,0.00181303011996162,0.00134656175546822,0.00244108983679332,0.000126883278803078,0.000109462950673777,287021
"2607","2020/04/26",3,0,79,6,0.00185422823921509,0.00137584247411355,0.00249895059048668,0.000174334809999701,0.00014994635061868,287021
"2606","2020/04/27",0,0,79,6,0.00182602370008936,0.00135429574098648,0.00246206382577802,0.000147100206413869,0.000126195812658708,287021
"2605","2020/04/28",1,0,80,6,0.00182118195510692,0.0013501062423238,0.00245662423417756,0.000117950045732112,0.000100529717602811,287021
"2604","2020/04/29",0,0,80,6,0.00179425511375617,0.00132957232006244,0.00242134358895873,0.000117950045732112,0.000100529717602811,287021
"2603","2020/04/30",0,1,80,7,0.00206341487382678,0.0016014005973528,0.00265872321302225,0.000117950045732112,0.000100529717602811,287021
"2602","2020/05/01",1,0,81,7,0.00206121821183771,0.00159969578468226,0.00265589280005218,0.000143397184149861,0.0001224927903947,287021
"2601","2020/05/02",0,0,81,7,0.00203537832408858,0.00157900076027946,0.0026236623986403,0.000143397184149861,0.0001224927903947,287021
"2600","2020/05/03",0,0,81,7,0.00201126382490992,0.00155967806816256,0.00259360072823033,0.000143397184149861,0.0001224927903947,287021
"2599","2020/05/04",1,0,82,7,0.00201367238669779,0.00156094723953979,0.00259770245799254,0.000167954164475444,0.000143565705094423,287021
"2598","2020/05/05",0,0,82,7,0.001992937785897,0.00154429832098459,0.00257191305882127,0.000143182623785273,0.000122278230030113,287021
"2597","2020/05/06",0,0,82,7,0.00197342318793056,0.00152917674464261,0.00254672920727171,0.000143182623785273,0.000122278230030113,287021
"2596","2020/05/07",0,0,82,7,0.00195535596615155,0.00151462706922391,0.00252432894674435,0.000143182623785273,0.000122278230030113,287021
"2595","2020/05/08",0,0,82,7,0.00193888272262507,0.00150133652918321,0.00250394640976278,7.27688931821687e-05,6.23166963045883e-05,287021
"2594","2020/05/09",1,0,83,7,0.00194746192816736,0.00150797967191778,0.00251502591997015,9.62322899070767e-05,8.22960274036361e-05,287021
"2593","2020/05/10",1,0,84,7,0.00195681146556893,0.00151469837309531,0.00252796938307735,9.67628900583465e-05,8.2826627554906e-05,287021
"2592","2020/05/11",0,0,84,7,0.00194290476704548,0.00150393369085625,0.0025100035704758,9.67628900583465e-05,8.2826627554906e-05,287021
"2591","2020/05/12",0,0,84,7,0.00192901483263222,0.00149268196006257,0.00249289421596488,9.67628900583465e-05,8.2826627554906e-05,287021
"2590","2020/05/13",1,0,85,7,0.00193846249559392,0.0014999926120229,0.00250510356964801,9.41211927652314e-05,8.01849302617908e-05,287021
"2589","2020/05/14",0,0,85,7,0.00192546388977562,0.00148944807526071,0.00248911744719998,9.41211927652314e-05,8.01849302617908e-05,287021
"2588","2020/05/15",0,0,85,7,0.00191274718686596,0.00147914047582544,0.00247346473215938,9.41211927652314e-05,8.01849302617908e-05,287021
"2587","2020/05/16",0,0,85,7,0.00190065714665574,0.00146979116507904,0.00245783052379367,6.95642124396486e-05,5.91120155620682e-05,287021
"2586","2020/05/17",1,0,86,7,0.00191166946925515,0.00147784867819366,0.00247283785789832,9.17929271984294e-05,7.78566646949889e-05,287021
"2585","2020/05/18",2,0,88,7,0.00194513490060161,0.00150371970049953,0.00251612702838273,0.000136000538575739,0.000115096144820578,287021
"2584","2020/05/19",0,0,88,7,0.00193363011516465,0.00149482572995474,0.0025012450263248,0.000136000538575739,0.000115096144820578,287021
"2583","2020/05/20",2,0,90,7,0.00196479050330305,0.00151845544393362,0.00254232136826442,0.000179662549760251,0.00015179002475337,287021
"2582","2020/05/21",0,0,90,7,0.00195112240330562,0.00150744738063492,0.0025253807738733,0.000156199153035343,0.000131810693654322,287021
"2581","2020/05/22",0,0,90,7,0.00193651740802608,0.0014961634848419,0.00250647720625552,0.000132903778445237,0.000111999384690076,287021
"2580","2020/05/23",0,0,90,7,0.00192196161478223,0.00148449003602486,0.00248835381784567,0.000132903778445237,0.000111999384690076,287021
"2579","2020/05/24",2,0,92,7,0.00195055836565851,0.00150657767368215,0.00252537788412965,0.000175307221176943,0.000147434696170062,287021
"2578","2020/05/25",0,0,92,7,0.0019368308083917,0.00149555424893334,0.00250830993460167,0.000152501780052309,0.000128113320671288,287021
"2577","2020/05/26",0,0,92,7,0.00192287575665486,0.001484371106776,0.00249092100934364,0.000152501780052309,0.000128113320671288,287021
"2576","2020/05/27",0,0,92,7,0.00190929035087663,0.00147388380215362,0.00247332227861112,0.000152501780052309,0.000128113320671288,287021
"2575","2020/05/28",0,0,92,7,0.00189655393216639,0.00146365937872313,0.00245748216415876,0.000152501780052309,0.000128113320671288,287021
"2574","2020/05/29",0,0,92,7,0.00188488131070338,0.00145465107076581,0.00244235722699362,0.000130273065293528,0.000109368671538368,287021
"2573","2020/05/30",0,0,92,7,0.00187431783101113,0.00144611986125605,0.00242930577593682,8.6065453916219e-05,7.21291914127784e-05,287021
"2572","2020/05/31",0,0,92,7,0.00186482100604573,0.00143879263693256,0.00241699692876063,8.6065453916219e-05,7.21291914127784e-05,287021
"2571","2020/06/01",0,0,92,7,0.00185630893552187,0.00143185857992009,0.00240658044895093,4.24034427317067e-05,3.54353114799864e-05,287021
"2570","2020/06/02",0,0,92,7,0.00184868623618979,0.00142597883262591,0.00239669812881026,4.24034427317067e-05,3.54353114799864e-05,287021
"2569","2020/06/03",0,0,92,7,0.00184185713945885,0.00142071122842481,0.00238784466139319,4.24034427317067e-05,3.54353114799864e-05,287021
"2568","2020/06/04",0,0,92,7,0.00183573165192271,0.00141563203731914,0.00238049903437666,4.24034427317067e-05,3.54353114799864e-05,287021
"2567","2020/06/05",0,0,92,7,0.00183022806534882,0.00141138792382576,0.00237336221647029,6.18894380341595e-21,3.09447190170798e-21,287021
"2566","2020/06/06",0,0,92,7,0.00182527359574598,0.00140756726415017,0.0023669374701883,6.18894380341595e-21,3.09447190170798e-21,287021
"2565","2020/06/07",0,0,92,7,0.00182080410422467,0.00140412059732309,0.00236114162293607,6.18894380341595e-21,3.09447190170798e-21,287021
"2564","2020/06/08",0,0,92,7,0.00181676340521172,0.00140100459560797,0.00235590181564263,6.18894380341595e-21,3.09447190170798e-21,287021
"2563","2020/06/09",0,0,92,7,0.00181310242641983,0.00139783933177417,0.00235172979752766,6.18894380341595e-21,3.09447190170798e-21,287021
"2562","2020/06/10",0,0,92,7,0.00180977835492145,0.00139527658748882,0.00234741822754798,6.18894380341595e-21,3.09447190170798e-21,287021
"2561","2020/06/11",4,0,96,7,0.00188530834822313,0.001453507602917,0.0024453862922675,7.8554514509297e-05,6.46182520058564e-05,287021
"2560","2020/06/12",0,0,96,7,0.00188113827141043,0.00145029261776207,0.00243997738995978,7.8554514509297e-05,6.46182520058564e-05,287021
"2559","2020/06/13",0,0,96,7,0.00187458996083723,0.00144489826754174,0.0024320657033179,7.8554514509297e-05,6.46182520058564e-05,287021
"2558","2020/06/14",0,0,96,7,0.00186672421276538,0.00143883549861661,0.00242186079636964,7.8554514509297e-05,6.46182520058564e-05,287021
"2557","2020/06/15",0,0,96,7,0.00185853454178587,0.00143252305607864,0.00241123563656038,7.8554514509297e-05,6.46182520058564e-05,287021
"2556","2020/06/16",1,0,97,7,0.00186986910685644,0.0014409221440099,0.00242650894866952,9.78315156109097e-05,8.04111874816091e-05,287021
"2555","2020/06/17",0,0,97,7,0.00186205776850653,0.0014349027224571,0.00241637225924156,9.78315156109097e-05,8.04111874816091e-05,287021
"2554","2020/06/18",0,0,97,7,0.00185424693014829,0.00142888368619814,0.00240623621864738,9.78315156109097e-05,8.04111874816091e-05,287021
"2553","2020/06/19",0,0,97,7,0.00184671742000637,0.00142275548086528,0.00239701429741173,9.78315156109097e-05,8.04111874816091e-05,287021
"2552","2020/06/20",0,0,97,7,0.00183968526872749,0.0014173377425227,0.00238788665992133,9.78315156109097e-05,8.04111874816091e-05,287021
"2551","2020/06/21",0,0,97,7,0.00183324371105967,0.00141205838566543,0.00238005916629012,9.78315156109097e-05,8.04111874816091e-05,287021
"2550","2020/06/22",0,0,97,7,0.00182740752647882,0.00140756305679674,0.00237248217883121,9.78315156109097e-05,8.04111874816091e-05,287021
"2549","2020/06/23",0,0,97,7,0.00182215056722663,0.00140351387700118,0.00236565718661686,1.92770011016128e-05,1.57929354757526e-05,287021
"2548","2020/06/24",0,0,97,7,0.001817428213601,0.00139987647789438,0.00235952626088923,1.92770011016128e-05,1.57929354757526e-05,287021
"2547","2020/06/25",0,0,97,7,0.0018131895714742,0.00139630515669922,0.0023545400561827,1.92770011016128e-05,1.57929354757526e-05,287021
"2546","2020/06/26",0,0,97,7,0.00180938373852306,0.00139337435218831,0.00234959794407728,1.92770011016128e-05,1.57929354757526e-05,287021
"2545","2020/06/27",0,0,97,7,0.0018059628110064,0.00139073995653143,0.00234515565575069,1.92770011016128e-05,1.57929354757526e-05,287021
"2544","2020/06/28",0,0,97,7,0.0018028831429982,0.0013883683587744,0.00234115651423833,6.18894380341595e-21,3.09447190170798e-21,287021
"2543","2020/06/29",0,0,97,7,0.00180010569079179,0.00138622949205064,0.0023375498188453,6.18894380341595e-21,3.09447190170798e-21,287021
"2542","2020/06/30",0,0,97,7,0.00179759589665351,0.00138429674406186,0.00233429069419318,6.18894380341595e-21,3.09447190170798e-21,287021
"2541","2020/07/01",0,0,97,7,0.00179532335791217,0.00138254670224977,0.00233133966051205,6.18894380341595e-21,3.09447190170798e-21,287021
"2540","2020/07/02",0,0,97,7,0.0017932614130381,0.00138066208191913,0.00232916260800139,6.18894380341595e-21,3.09447190170798e-21,287021
"2539","2020/07/03",0,0,97,7,0.00179138671350154,0.00137921871925806,0.00232672767016688,6.18894380341595e-21,3.09447190170798e-21,287021
"2538","2020/07/04",0,0,97,7,0.00178967881566128,0.00137790378002461,0.00232450938132237,6.18894380341595e-21,3.09447190170798e-21,287021
"2537","2020/07/05",0,0,97,7,0.00178811980807096,0.00137670347389538,0.00232248447733539,6.18894380341595e-21,3.09447190170798e-21,287021
"2536","2020/07/06",1,0,98,7,0.00180511350500762,0.00138978720659686,0.0023445565986607,1.84195255613022e-05,1.49354599354421e-05,287021
"2535","2020/07/07",0,0,98,7,0.00180350277536988,0.00138854707879459,0.00234246451592443,1.84195255613022e-05,1.49354599354421e-05,287021
"2534","2020/07/08",0,0,98,7,0.00180140577340524,0.0013869325617603,0.002339740842438,1.84195255613022e-05,1.49354599354421e-05,287021
"2533","2020/07/09",0,0,98,7,0.00179905103274921,0.00138511960737847,0.00233668240720502,1.84195255613022e-05,1.49354599354421e-05,287021
"2532","2020/07/10",0,0,98,7,0.00179665596872496,0.00138327560735817,0.00233357159830205,1.84195255613022e-05,1.49354599354421e-05,287021
"2531","2020/07/11",0,0,98,7,0.00179434640108752,0.00138120668394293,0.00233106242861821,1.84195255613022e-05,1.49354599354421e-05,287021
"2530","2020/07/12",5,0,103,7,0.0018836209139642,0.00144992616520714,0.00244704029257687,0.000109857434006166,8.89530402510057e-05,287021
"2529","2020/07/13",0,0,103,7,0.00188002069744786,0.00144715488140542,0.00244236319708904,0.000109857434006166,8.89530402510057e-05,287021
"2528","2020/07/14",0,0,103,7,0.00187354162806497,0.00144216758690534,0.00243394614049299,0.000109857434006166,8.89530402510057e-05,287021
"2527","2020/07/15",0,0,103,7,0.00186544064541673,0.00143563577905295,0.00242392175811359,0.000109857434006166,8.89530402510057e-05,287021
"2526","2020/07/16",1,0,104,7,0.00187491754815165,0.00144292916610028,0.00243623588389139,0.000127885487353778,0.000103497027972758,287021
"2525","2020/07/17",0,0,104,7,0.00186621663425541,0.0014362329770092,0.00242493006477547,0.000127885487353778,0.000103497027972758,287021
"2524","2020/07/18",0,0,104,7,0.00185747972724326,0.00142922032721178,0.00241406511748305,0.000109465961792476,8.85615680373154e-05,287021
"2523","2020/07/19",0,0,104,7,0.00184908412565498,0.00142276041043684,0.00240315381189124,0.000109465961792476,8.85615680373154e-05,287021
"2522","2020/07/20",1,0,105,7,0.00185898573879599,0.00143009595551653,0.00241650076955759,0.000127170587876248,0.000102782128495227,287021
