"","date","cases","deaths","cum_cases","cum_deaths","p_cases","p_cases_low","p_cases_high","p_cases_active","p_cases_active_undetected","population"
"3671","2020/03/12",2,0,2,0,NA,NA,NA,1.73715129076421e-07,0,11513102
"3670","2020/03/13",1,0,3,0,0,NA,NA,2.60572693614631e-07,0,11513102
"3669","2020/03/14",7,0,10,0,0,NA,NA,8.68575645382105e-07,0,11513102
"3668","2020/03/15",0,0,10,0,0,NA,NA,8.68575645382105e-07,0,11513102
"3667","2020/03/17",1,0,11,0,0,0,NA,9.55433209920315e-07,0,11513102
"3666","2020/03/18",1,0,12,0,0,0,NA,1.04229077445853e-06,0,11513102
"3665","2020/03/19",0,0,12,0,0,0,NA,1.04229077445853e-06,0,11513102
"3664","2020/03/20",3,0,15,0,0,0,NA,1.30286346807316e-06,0,11513102
"3663","2020/03/21",4,0,19,0,0,0,NA,1.650293726226e-06,0,11513102
"3662","2020/03/22",1,0,20,0,0,0,NA,1.73715129076421e-06,0,11513102
"3661","2020/03/23",7,0,27,0,0,0,NA,2.34515424253168e-06,0,11513102
"3660","2020/03/24",1,0,28,0,0,0,NA,2.43201180706989e-06,0,11513102
"3659","2020/03/25",4,0,32,0,0,0,NA,2.60572693614631e-06,0,11513102
"3658","2020/03/26",7,0,39,0,0,0,NA,3.12687232337558e-06,0,11513102
"3657","2020/03/27",22,0,61,0,0,0,NA,4.42973579144873e-06,0,11513102
"3656","2020/03/28",13,0,74,0,0,0,NA,5.55888413044547e-06,0,11513102
"3655","2020/03/29",7,0,81,0,0,0,NA,6.08002951767473e-06,0,11513102
"3654","2020/03/30",15,3,96,3,8.03225131652948e-05,4.54241775905536e-05,0.000142032425536542,1.85435646352138e-05,1.12475292140042e-05,11513102
"3653","2020/03/31",11,3,107,6,0.00014677196419175,0.000113332271316738,0.000190078335344568,3.36322712343657e-05,2.53808026032358e-05,11513102
"3652","2020/04/01",8,1,115,7,0.000152604098410164,0.000122162413989945,0.000190631554264275,4.39876358214582e-05,3.53018793676372e-05,11513102
"3651","2020/04/02",8,1,123,8,0.000157068592635507,0.000129030591862779,0.000191199175608954,5.38560489867529e-05,4.48228622747791e-05,11513102
"3650","2020/04/03",9,1,132,9,0.000162459451654067,0.000136097272185336,0.000193928011986884,6.48459722168102e-05,5.51179249885306e-05,11513102
"3649","2020/04/04",7,1,139,10,0.000165481440004815,0.000140885947788775,0.000194370747515026,7.25715669631269e-05,6.28435197348473e-05,11513102
"3648","2020/04/05",18,0,157,10,0.000165028757536165,0.000139895668527507,0.000194677155487308,9.14052038931809e-05,8.02005780677517e-05,11513102
"3647","2020/04/06",26,1,183,11,0.000188723942051992,0.000162303451897182,0.000219445279119551,0.000117871011303617,0.000104755519058347,11513102
"3646","2020/04/07",11,3,194,14,0.000227771660987601,0.000202874483530082,0.000255724271708905,0.000130177896345992,0.000116714973842569,11513102
"3645","2020/04/08",16,1,210,15,0.000236501712860143,0.000212031028247174,0.000263796580378688,0.000146286208048829,0.000133344430932636,11513102
"3644","2020/04/09",54,3,264,18,0.000320596915409751,0.000293090520579731,0.000350684771267745,0.00021073370149819,0.00019423076423593,11513102
"3643","2020/04/10",4,1,268,19,0.000308323232836049,0.000282858693179655,0.000336080234402037,0.000214727537842483,0.000198485173273838,11513102
"3642","2020/04/11",8,1,276,20,0.000299057013968679,0.000275239408587339,0.000324935655336881,0.000210845464405875,0.000195211102788997,11513102
"3641","2020/04/12",24,4,300,24,0.000350941871269621,0.000327752332434884,0.000375772145068387,0.000223832107508293,0.000207068597552418,11513102
"3640","2020/04/13",30,3,330,27,0.000393685834603168,0.00037050759651499,0.00041831405840264,0.000249005791555146,0.000230331415179431,11513102
"3639","2020/04/14",24,1,354,28,0.000398879600538491,0.000375904163799622,0.000423259306620923,0.000265832632913969,0.000245768535505643,11513102
"3638","2020/04/15",43,0,397,28,0.000408553876164541,0.000384597098226127,0.000434002935796805,0.000299007279512511,0.000275990024909885,11513102
"3637","2020/04/16",44,1,441,29,0.000429855133491354,0.000405229606503925,0.000455977136969335,0.000333561722344176,0.000307330737853637,11513102
"3636","2020/04/17",24,2,465,31,0.00044262868862263,0.000418709314736429,0.000467914491262555,0.000337486579520429,0.00031073444964266,11513102
"3635","2020/04/18",28,0,493,31,0.000428652171811424,0.000405159372400257,0.000453507179928029,0.000335018698465876,0.000308092853459031,11513102
"3634","2020/04/19",27,1,520,32,0.000427393125553304,0.000404464821528344,0.000451621189402802,0.000344295376606233,0.000315979810566776,11513102
"3633","2020/04/20",44,1,564,33,0.000439438924781285,0.000416362440990993,0.000463794400266544,0.000360558667792733,0.000329811089946207,11513102
"3632","2020/04/21",34,1,598,34,0.000442771619618754,0.000420018837047322,0.000466756940041066,0.000320156332136545,0.000291145905580783,11513102
"3631","2020/04/22",11,3,609,37,0.000453666714908607,0.000432145498960444,0.000476259705842281,0.000323748801319951,0.000294130371812421,11513102
"3630","2020/04/23",63,3,672,40,0.000502152926837795,0.000480021665183701,0.000525304543983999,0.000362157318965525,0.000327761723408393,11513102
"3629","2020/04/24",31,3,703,43,0.000525790200793555,0.000504135837782283,0.000548374692953127,0.000357267596894965,0.000322263998386067,11513102
"3628","2020/04/25",104,1,807,44,0.000575939300261014,0.000552591412396094,0.000600273674443896,0.000395700636319753,0.000354269578035027,11513102
"3627","2020/04/26",59,2,866,46,0.000602264900469369,0.000578773223644466,0.000626710074894888,0.000409689855841978,0.000365218782798414,11513102
"3626","2020/04/27",84,4,950,50,0.00066738950149869,0.00064333098454254,0.00069234772988183,0.00042444971068662,0.00037641747749699,11513102
"3625","2020/04/28",64,3,1014,53,0.00070010769009432,0.000676154440109918,0.000724909500926331,0.000425749926730871,0.000375980542250476,11513102
"3624","2020/04/29",39,2,1053,55,0.000698489200167767,0.000675294336065087,0.000722480756456371,0.000428774545436609,0.000377702297488142,11513102
"3623","2020/04/30",57,4,1110,59,0.000731900998460176,0.000709114333847154,0.000755419889259304,0.000442013294148907,0.000388422176828831,11513102
"3622","2020/05/01",57,3,1167,62,0.000751406119463028,0.000729003260018941,0.000774497436886381,0.000456522798116715,0.000400325953860493,11513102
"3621","2020/05/02",62,4,1229,66,0.000785207420449461,0.00076309065199338,0.000807965202454407,0.000461852094525899,0.000404091814107989,11513102
"3620","2020/05/03",241,5,1470,71,0.000944491926303384,0.000919626954385104,0.00097002919999093,0.000591523063386325,0.000515783267109005,11513102
"3619","2020/05/04",124,5,1594,76,0.00102365953350204,0.000998337273688452,0.00104962407810151,0.000662960989633492,0.000577406288563355,11513102
"3618","2020/05/05",87,6,1681,82,0.00108163194056114,0.00105667048679045,0.00110718305230197,0.000671863914092133,0.000584224631473079,11513102
"3617","2020/05/06",121,4,1802,86,0.00112589336165214,0.00110093509830699,0.00115141743029333,0.000724279339047088,0.000628822875619595,11513102
"3616","2020/05/07",84,5,1886,91,0.00115426791837127,0.00112990365516197,0.00117915755143756,0.000701466278052526,0.000607746965915797,11513102
"3615","2020/05/08",195,11,2081,102,0.00132339664663659,0.00129827578251958,0.0013490035845312,0.000784443189747135,0.000678911248833209,11513102
"3614","2020/05/09",185,4,2266,106,0.00139016744006495,0.00136458079108826,0.00141623385294433,0.000838927484037165,0.00072462292910488,11513102
"3613","2020/05/10",171,8,2437,114,0.00149185755067333,0.00146610892394768,0.0015180583892145,0.000899420245585914,0.00077582193124804,11513102
"3612","2020/05/11",119,4,2556,118,0.00150153818046965,0.00147630302450935,0.00152720469305917,0.000943457569213981,0.000812910649713051,11513102
"3611","2020/05/12",275,4,2831,122,0.00159492031737559,0.00156879328315188,0.001621482477071,0.0010608021418383,0.000911320273268036,11513102
"3610","2020/05/13",133,6,2964,128,0.00162610229769736,0.0016005047995939,0.00165210918658135,0.00109706720047882,0.000940984157003655,11513102
"3609","2020/05/14",184,14,3148,142,0.0017785684312935,0.00175304699918936,0.00180446141276109,0.00116141242057939,0.000994732754230565,11513102
"3608","2020/05/15",224,10,3372,152,0.0018959137358074,0.00187024279781449,0.0019219370328941,0.00113251159304257,0.000967308505290889,11513102
"3607","2020/05/16",205,12,3577,164,0.00202046998789174,0.00199483678617708,0.00204643257045335,0.00116867369645342,0.000996435145974153,11513102
"3606","2020/05/17",249,1,3826,165,0.00202705071550174,0.00200133329463763,0.00205309860892517,0.00124461647252139,0.00105830699658693,11513102
"3605","2020/05/18",262,4,4088,169,0.00207045211882874,0.00204462255960034,0.00209660798088835,0.00130171073674881,0.00110315434421446,11513102
"3604","2020/05/19",175,5,4263,174,0.00207623928473861,0.00205089412827896,0.00210189765919772,0.0013355326347225,0.00112907220381517,11513102
"3603","2020/05/20",218,15,4481,189,0.002216626926188,0.00219140248454024,0.0022421417172631,0.00131936239714539,0.00111090424225369,11513102
"3602","2020/05/21",438,10,4919,199,0.00240052938260324,0.00237432713696747,0.00242702078707717,0.00141961593010736,0.00118918281138749,11513102
"3601","2020/05/22",268,16,5187,215,0.00256482714577131,0.00253857126013469,0.00259135459027311,0.00144745345354365,0.00120859515106357,11513102
"3600","2020/05/23",392,15,5579,230,0.00276673103462184,0.0027399145166161,0.00279381001542838,0.00157194633261155,0.00130937591501254,11513102
"3599","2020/05/24",336,10,5915,240,0.00286922821631011,0.00284230781987692,0.00289640358433331,0.00158000339949272,0.00131213467045688,11513102
"3598","2020/05/25",348,10,6263,250,0.00296593683260352,0.00293895266444351,0.00299316875750358,0.00167183784838776,0.00138529474297621,11513102
"3597","2020/05/26",397,11,6660,261,0.00308700681104536,0.00305981949985936,0.00311443568873211,0.00175189613343745,0.00144685236677925,11513102
"3596","2020/05/27",476,13,7136,274,0.00325730261510365,0.00322965541554106,0.00328518648624425,0.00184322691647346,0.00151629504355163,11513102
"3595","2020/05/28",632,6,7768,280,0.00339991055888363,0.00337146155519949,0.00342859962041728,0.00200404734059323,0.00164002728761359,11513102
"3594","2020/05/29",619,13,8387,293,0.0036019062817463,0.00357276842906841,0.00363128176932148,0.00213796240761113,0.00174180505575236,11513102
"3593","2020/05/30",344,7,8731,300,0.00359446231624083,0.00356583759770072,0.00362331681936564,0.00214688832969213,0.00174360865754122,11513102
"3592","2020/05/31",861,10,9592,310,0.00381816668393446,0.00378845447016196,0.00384811192562222,0.00240438426261824,0.00194152030119412,11513102
"3591","2020/06/01",390,3,9982,313,0.00375371451789305,0.00372463377180495,0.00378302231712109,0.00244320453632791,0.00196540107380321,11513102
"3590","2020/06/02",549,30,10531,343,0.00405963809975708,0.00403029692717593,0.00408919288052243,0.00244109167380106,0.00195364702161263,11513102
"3589","2020/06/03",460,33,10991,376,0.00434998880329369,0.00432061939690145,0.00437955784819897,0.00249063071112612,0.00198650940654635,11513102
"3588","2020/06/04",647,24,11638,400,0.00459762654045325,0.00456792135109784,0.0046275249026343,0.00255182981384608,0.00202555983030907,11513102
"3587","2020/06/05",607,15,12245,415,0.00471821841294239,0.00468847803308559,0.00474814744467891,0.0026227320703745,0.00207292368684763,11513102
"3586","2020/06/06",483,12,12728,427,0.00475103626347727,0.00472163585868246,0.00478061973698554,0.00263822301656279,0.00207668886182326,11513102
"3585","2020/06/07",630,27,13358,454,0.00499967909744749,0.0049700195229726,0.00502951567129915,0.0026900063556202,0.00210823438834327,11513102
"3584","2020/06/08",285,11,13643,465,0.00494142949477379,0.00491254755588975,0.0049704812368779,0.00257595676509108,0.00201077459264095,11513102
"3583","2020/06/09",306,10,13949,475,0.00488681527299952,0.00485862112333208,0.00491517303082971,0.00240654434519082,0.00186967773878014,11513102
"3582","2020/06/10",695,12,14644,487,0.00499608100612546,0.00496770437889811,0.00502461972692993,0.00237781929874879,0.00183435151743321,11513102
"3581","2020/06/11",637,25,15281,512,0.00522071093461584,0.00519202488179546,0.00524955547851536,0.00245382732923144,0.00188491028150616,11513102
"3580","2020/06/12",884,21,16165,533,0.00548517939093212,0.00545581093511743,0.00551470593620541,0.00241106269359915,0.00184014792188949,11513102
"3579","2020/06/13",764,26,16929,559,0.00575185229733592,0.0057219832508264,0.0057818772618026,0.00252398297521222,0.00192058347436527,11513102
"3578","2020/06/14",913,26,17842,585,0.00605649342481568,0.00602592963725938,0.00608721223328426,0.00262226593556107,0.00198725028122221,11513102
"3577","2020/06/15",617,26,18459,611,0.00624618773644277,0.00621550157293764,0.0062770253986837,0.00264898986344252,0.00200033757147116,11513102
"3576","2020/06/16",614,21,19073,632,0.00637116936346084,0.00634049513367873,0.00640199198991432,0.00259849193453644,0.00195270594219484,11513102
"3575","2020/06/17",810,27,19883,659,0.00661417235606655,0.00658311584874504,0.00664537537556696,0.00263405419764404,0.00197063611970119,11513102
"3574","2020/06/18",802,20,20685,679,0.00677774992560908,0.00674646968366524,0.00680917519948546,0.00271654998057825,0.00202542433954771,11513102
"3573","2020/06/19",814,18,21499,697,0.0069184489209503,0.00688698800129516,0.00695005355937849,0.00274269924830483,0.00203559181539926,11513102
"3572","2020/06/20",977,18,22476,715,0.00710357742669595,0.00707173192404805,0.00713556633636915,0.00294825609392154,0.00218104322635553,11513102
"3571","2020/06/21",1036,25,23512,740,0.00736681329578227,0.00733442439873806,0.00739934522254425,0.0031656547457135,0.0023350358560346,11513102
"3570","2020/06/22",876,33,24388,773,0.00764689739375766,0.00761409580052104,0.00767984029655316,0.00320321342426794,0.00235687331540762,11513102
"3569","2020/06/23",1105,47,25493,820,0.00812430353619725,0.00809058705162993,0.00815816052989257,0.00333773397670467,0.00245074452764046,11513102
"3568","2020/06/24",896,26,26389,846,0.00831488435248463,0.00828094348261408,0.00834896433484279,0.00332009095051586,0.0024320592106772,11513102
"3567","2020/06/25",1098,30,27487,876,0.00859636150957417,0.00856190978655539,0.00863095186068512,0.00340390341780115,0.00248686125140673,11513102
"3566","2020/06/26",1016,37,28503,913,0.00890926904751406,0.00887432745581832,0.00894434821750362,0.00341155840802207,0.00248556991248021,11513102
"3565","2020/06/27",920,21,29423,934,0.00902582248793821,0.00899081872527486,0.00906096253000371,0.00348499682067002,0.00253269048307308,11513102
"3564","2020/06/28",1253,36,30676,970,0.00938111945537708,0.00934542730599561,0.00941694792057223,0.00366307915736643,0.00265527083602957,11513102
"3563","2020/06/29",848,44,31524,1014,0.00967960364372722,0.00964358397319197,0.00971575785103522,0.00365401158195712,0.00264290267316781,11513102
"3562","2020/06/30",601,57,32125,1071,0.0100128892849729,0.00997661904760633,0.0100492913836557,0.00357854712220899,0.00258489658389186,11513102
"3561","2020/07/01",1094,52,33219,1123,0.0104458371717009,0.0104088449444625,0.0104829608664445,0.00366061158285195,0.00264264092646413,11513102
"3560","2020/07/02",1008,78,34227,1201,0.0110903593857392,0.0110523022633007,0.0111285475527811,0.00367844499293464,0.00265778175204612,11513102
"3559","2020/07/03",1301,70,35528,1271,0.0117509055137223,0.0117115993901035,0.0117903435553911,0.00378415046335876,0.00274046996786763,11513102
"3558","2020/07/04",1290,49,36818,1320,0.0122072361992847,0.0121670658814073,0.0122475391419423,0.00393718672578079,0.00285754719857084,11513102
"3557","2020/07/05",1253,58,38071,1378,0.0127227126329422,0.0126816043736093,0.0127639541474167,0.00400376924430684,0.00291127479754523,11513102
"3556","2020/07/06",1226,56,39297,1434,0.0131962868538161,0.0131543449203668,0.0132383625169032,0.00413315132759083,0.00301199388453161,11513102
"3555","2020/07/07",1212,42,40509,1476,0.0135225019175432,0.0134800137753416,0.0135651239796545,0.00419434320983766,0.00306328400442108,11513102
"3554","2020/07/08",1036,54,41545,1530,0.0138874768222065,0.0138444576574913,0.0139306296612467,0.00422307845959841,0.00309028210289107,11513102
"3553","2020/07/09",1439,47,42984,1577,0.0143137512134798,0.0142699238513037,0.0143577131830788,0.00442004819205997,0.0032421727593573,11513102
"3552","2020/07/10",1129,61,44113,1638,0.014754710595941,0.0147101820199392,0.0147993739625305,0.00441448716535418,0.00324738207065424,11513102
"3551","2020/07/11",1452,64,45565,1702,0.0153204643835411,0.0152748840681266,0.0153661807107998,0.00464231503889637,0.00342274797521536,11513102
"3550","2020/07/12",1635,52,47200,1754,0.0158299842810892,0.015783395745772,0.0158767103338112,0.00500334016433286,0.00369396237891934,11513102
"3549","2020/07/13",987,53,48187,1807,0.0161180278854216,0.0160710878100207,0.0161651050623495,0.00498946860099549,0.00368938457498756,11513102
"3548","2020/07/14",1063,59,49250,1866,0.0164726513600155,0.0164252118445902,0.0165202278908806,0.00501839439864708,0.00371353320658954,11513102
"3547","2020/07/15",1617,32,50867,1898,0.016768561830214,0.0167205372796059,0.0168167243164293,0.00512114009912119,0.00378883191666958,11513102
"3546","2020/07/16",1351,44,52218,1942,0.0170784294316079,0.0170298879293453,0.017127109295171,0.00513529092797115,0.00379768443408271,11513102
"3545","2020/07/17",1938,42,54156,1984,0.0175537551514364,0.0175042091541774,0.0176034413895838,0.00534472864235259,0.00394762471675547,11513102
"3544","2020/07/18",1946,65,56102,2049,0.0182217907417079,0.0181709011478481,0.018272822857435,0.00556508277367946,0.00410544140161484,11513102
"3543","2020/07/19",2036,57,58138,2106,0.0188273494513257,0.0187752269843708,0.0188796166170139,0.0058198354127821,0.00428862340753799,11513102
"3542","2020/07/20",1444,45,59582,2151,0.0191092516863826,0.0190566921524583,0.0191619561827475,0.0059366483755309,0.00436999848395519,11513102
