"","date","cases","deaths","cum_cases","cum_deaths","p_cases","p_cases_low","p_cases_high","p_cases_active","p_cases_active_undetected","population"
"14733","2020/03/12",2,0,2,0,NA,NA,NA,6.78362311275365e-07,0,2948277
"14732","2020/03/13",4,0,6,0,0,NA,NA,2.0350869338261e-06,0,2948277
"14731","2020/03/14",2,0,8,0,0,NA,NA,2.71344924510146e-06,0,2948277
"14730","2020/03/16",2,0,10,0,0,0,NA,3.39181155637683e-06,0,2948277
"14729","2020/03/17",0,0,10,0,0,0,NA,3.39181155637683e-06,0,2948277
"14728","2020/03/18",3,0,13,0,0,0,NA,4.40935502328987e-06,0,2948277
"14727","2020/03/19",2,0,15,0,0,0,NA,5.08771733456524e-06,0,2948277
"14726","2020/03/20",1,0,16,0,0,0,NA,5.42689849020292e-06,0,2948277
"14725","2020/03/21",3,0,19,0,0,0,NA,6.44444195711597e-06,0,2948277
"14724","2020/03/22",0,0,19,0,0,0,NA,6.44444195711597e-06,0,2948277
"14723","2020/03/23",0,0,19,0,0,0,NA,6.44444195711597e-06,0,2948277
"14722","2020/03/24",0,0,19,0,0,0,NA,6.44444195711597e-06,0,2948277
"14721","2020/03/25",2,1,21,1,5.92036711169954e-05,1.03488130954296e-05,0.000338693398113191,1.14045245141259e-05,4.96008255700991e-06,2948277
"14720","2020/03/26",4,0,25,1,6.31105807933759e-05,1.07940919732621e-05,0.000368993095291695,2.01454928185153e-05,1.37010508613993e-05,2948277
"14719","2020/03/27",1,0,26,1,5.92206145680907e-05,9.94989526537479e-06,0.000352474181514941,2.17448464521665e-05,1.56395856506882e-05,2948277
"14718","2020/03/28",0,0,26,1,5.35314262411689e-05,8.86147055463638e-06,0.000323379012292085,2.10664841408911e-05,1.56395856506882e-05,2948277
"14717","2020/03/29",6,0,32,1,5.99318463425965e-05,9.7971130896852e-06,0.000366620878329374,3.2303705330128e-05,2.48417199060989e-05,2948277
"14716","2020/03/30",2,0,34,1,5.81426076127202e-05,9.40281630402425e-06,0.000359526625928013,3.47063152521985e-05,2.75835109838071e-05,2948277
"14715","2020/03/31",4,0,38,1,5.92117669089602e-05,9.40960328656855e-06,0.000372601610684864,4.02607705102873e-05,3.24596039306206e-05,2948277
"14714","2020/04/01",0,0,38,1,5.39032918954123e-05,8.50450628619173e-06,0.000341650035802739,3.99215893546496e-05,3.24596039306206e-05,2948277
"14713","2020/04/02",6,2,44,3,0.000170790156031931,9.83340851398528e-05,0.000296634451379969,6.21936126193636e-05,5.37140837284215e-05,2948277
"14712","2020/04/03",3,0,47,3,0.000166942598603225,9.5179115135486e-05,0.000292814565345824,7.28495231685056e-05,6.33524508106505e-05,2948277
"14711","2020/04/04",6,0,53,3,0.000172301642184282,9.74404321440546e-05,0.000304676972855685,9.23553694535187e-05,8.08232101618374e-05,2948277
"14710","2020/04/05",2,0,55,3,0.000163594332200021,9.18876791614817e-05,0.000291258912753012,9.83042542607921e-05,8.60937326578356e-05,2948277
"14709","2020/04/06",3,0,58,3,0.000157868812893525,8.81583082575597e-05,0.000282702363248602,0.00010083143764562,8.8281734887026e-05,2948277
"14708","2020/04/07",1,0,59,3,0.000147440889830514,8.17395403707663e-05,0.000265952266129803,9.32327428514007e-05,8.17005835597195e-05,2948277
"14707","2020/04/08",4,0,63,3,0.000145312593662641,8.02313561994544e-05,0.00026318575276816,0.000100181223329499,8.76315205709047e-05,2948277
"14706","2020/04/09",0,1,63,4,0.0001798550111986,0.000116502018413972,0.000277658923799119,0.000100181223329499,8.76315205709047e-05,2948277
"14705","2020/04/10",0,0,63,4,0.000167862869023545,0.000108226999629755,0.000260359641246757,8.89440021402621e-05,7.84293863154939e-05,2948277
"14704","2020/04/11",2,0,65,4,0.000162785017918823,0.000104668408474034,0.000253170583609336,9.05326185333962e-05,8.0018002708628e-05,2948277
"14703","2020/04/12",4,0,69,4,0.00016352247268931,0.000104885136480673,0.000254941738854996,9.37793645981949e-05,8.32647487734267e-05,2948277
"14702","2020/04/13",3,0,72,4,0.00016216405595174,0.000103675359627301,0.000253649286940059,0.000100536200262851,8.90040409711695e-05,2948277
"14701","2020/04/14",1,0,73,4,0.000156568429777277,9.99042640121557e-05,0.000245371640993617,7.93914065418713e-05,6.95551530283786e-05,2948277
"14700","2020/04/15",32,1,105,5,0.000268565830123093,0.000188677630701865,0.000382279578354879,0.000150584129935005,0.00013091162290802,2948277
"14699","2020/04/16",20,0,125,5,0.000302992452144896,0.000212352955313541,0.000432319983120683,0.000179557075993176,0.000155136032787263,2948277
"14698","2020/04/17",18,0,143,5,0.000322104994173458,0.000225117937468203,0.00046087676725511,0.000214152875767177,0.000184304934071061,2948277
"14697","2020/04/18",20,0,163,5,0.000335033596487702,0.000233459353730066,0.00048080108585098,0.000247095664261021,0.000211481642919064,2948277
"14696","2020/04/19",10,0,173,5,0.00032044787509334,0.000222633540396281,0.000461237064590795,0.000263119664688609,0.000224453012945913,2948277
"14695","2020/04/20",23,0,196,5,0.000325438534018999,0.000225376108782317,0.000469926648377493,0.000292082683992303,0.000246971590292491,2948277
"14694","2020/04/21",27,1,223,6,0.000398179157690027,0.000293524275612521,0.000540148310690443,0.000340292716537732,0.000286023731635703,2948277
"14693","2020/04/22",10,0,233,6,0.000372432722875261,0.000273911373434088,0.000506390557388294,0.000356276953571005,0.000298616157112599,2948277
"14692","2020/04/23",19,0,252,6,0.00036094581166487,0.000264859847025216,0.000491889882221402,0.0003784823521287,0.000315055476024453,2948277
"14691","2020/04/24",0,0,252,6,0.000324972062124276,0.000238025078088125,0.000443679472808344,0.000369002788494537,0.000306932637012841,2948277
"14690","2020/04/25",36,1,288,7,0.000392974242833886,0.000301090273553783,0.000512898519464397,0.000411367733184116,0.000338104603566377,2948277
"14689","2020/04/26",17,0,305,7,0.000380017546283689,0.000290769492459548,0.00049665917239776,0.000430404266031904,0.000351714237923962,2948277
"14688","2020/04/27",45,0,350,7,0.000399339588310076,0.000305180313092885,0.000522550439690792,0.00039989929344378,0.000316799910312548,2948277
"14687","2020/04/28",14,0,364,7,0.0003805903306585,0.000290531743830729,0.000498565140871971,0.000366058590741309,0.000284994294543902,2948277
"14686","2020/04/29",17,0,381,7,0.00036495253917147,0.000278318658504962,0.000478553455823478,0.000341797877724116,0.000261072762682347,2948277
"14685","2020/04/30",15,0,396,7,0.00034854529697336,0.000265583684608217,0.000457422014539252,0.000313891934347361,0.000234862725083781,2948277
"14684","2020/05/01",26,1,422,8,0.000391911972162904,0.00030901599622979,0.000497045446833115,0.000319515171038795,0.000235059063285013,2948277
"14683","2020/05/02",10,0,432,8,0.000372141362263899,0.00029323689154242,0.000472277525447702,0.000289940338697815,0.000209893585967321,2948277
"14682","2020/05/03",31,0,463,8,0.000371561084295752,0.000292605060462201,0.000471822459751577,0.00026660804613763,0.000185204568784586,2948277
"14681","2020/05/04",6,1,469,9,0.00039603499107848,0.000320318628166865,0.00048964905680361,0.00025569035483244,0.000175643602101947,2948277
"14680","2020/05/05",2,0,471,9,0.000373285709474417,0.000301781100541652,0.000461732761421178,0.000230061263815237,0.000155780590730585,2948277
"14679","2020/05/06",2,0,473,9,0.000353608890369388,0.000285758149869852,0.000437570187955159,0.00023155643882737,0.000156597403431442,2948277
"14678","2020/05/07",5,0,478,9,0.000339096332652316,0.000273937235914181,0.000419754263908368,0.000185981691241464,0.000121537271670304,2948277
"14677","2020/05/08",10,0,488,9,0.000330430641486948,0.00026685979028376,0.000409145224604191,0.00017157150508563,0.000109501353603934,2948277
"14676","2020/05/09",2,0,490,9,0.000318223793849752,0.000256938156261699,0.000394127460263189,0.000121526716359436,7.40413545701602e-05,2948277
"14675","2020/05/10",8,0,498,9,0.000311449911336628,0.000251415758939678,0.000385819280703349,0.000111891838145819,6.64415632903691e-05,2948277
"14674","2020/05/11",4,0,502,9,0.000303411488239042,0.000244882340217174,0.000375929644880835,9.80254880019687e-05,5.69845681698091e-05,2948277
"14673","2020/05/12",3,0,505,9,0.000295858152738195,0.000238745478188886,0.000366633316809481,8.6580587816349e-05,4.96098418518416e-05,2948277
"14672","2020/05/13",2,0,507,9,0.000288705300965174,0.000232942285956062,0.000357817175457415,6.35732294914904e-05,3.47428312622874e-05,2948277
"14671","2020/05/14",2,0,509,9,0.00028245305037508,0.000227865912491202,0.000350116982369041,5.60686812742199e-05,2.99517322901183e-05,2948277
"14670","2020/05/15",0,0,509,9,0.000275921970600815,0.000222572916122668,0.000342058392308062,3.11909412889752e-05,1.55886081296418e-05,2948277
"14669","2020/05/16",2,0,511,9,0.000271222856919568,0.000218759685697328,0.000336267799439934,2.71859331613603e-05,1.29403246245776e-05,2948277
"14668","2020/05/17",6,0,517,9,0.000269250875903636,0.000217149935639228,0.000333852432244419,2.87256242244801e-05,1.31232910651467e-05,2948277
"14667","2020/05/18",3,0,520,9,0.000266172198460445,0.000214650951559248,0.000330059749181737,2.87660580496192e-05,1.28245437346481e-05,2948277
"14666","2020/05/19",0,0,520,9,0.000261933548045671,0.000211217468558884,0.000324827222198559,2.52190252812896e-05,1.09734167445069e-05,2948277
"14665","2020/05/20",0,0,520,9,0.000258063657569862,0.000208082292155184,0.000320050546678274,1.84479055786882e-05,7.59410859828232e-06,2948277
"14664","2020/05/21",9,0,529,9,0.000258978797768668,0.000208808008126363,0.000321204240658798,2.15550994534106e-05,8.32703438354092e-06,2948277
"14663","2020/05/22",5,0,534,9,0.000258141902070945,0.000208121417310589,0.000320184450336312,1.8968947034471e-05,6.75842543151446e-06,2948277
"14662","2020/05/23",10,0,544,9,0.000259786860938214,0.000209437951081614,0.00032223965507489,2.13268193814862e-05,7.08121084470354e-06,2948277
"14661","2020/05/24",6,0,550,9,0.000259495210461657,0.000209191495493819,0.000321895324155419,2.24001030383028e-05,7.13695103460705e-06,2948277
"14660","2020/05/25",2,0,552,9,0.000257270678629605,0.000207387246040593,0.000319152712359093,2.21933662513808e-05,6.93021424768508e-06,2948277
"14659","2020/05/26",4,0,556,9,0.000255991333371952,0.000206347089609897,0.000317579292663825,2.29251953517759e-05,6.98368103680478e-06,2948277
"14658","2020/05/27",8,0,564,9,0.000256603319204868,0.000206829966525673,0.000318354562121841,2.65649587447527e-05,7.90999518468017e-06,2948277
"14657","2020/05/28",5,0,569,9,0.0002558810138096,0.000206237623304497,0.000317474048522945,2.77519362041231e-05,8.07942917713746e-06,2948277
"14656","2020/05/29",0,0,569,9,0.00025294369740169,0.000203860389782802,0.000313844754851121,2.46271678183942e-05,6.9897477252347e-06,2948277
"14655","2020/05/30",6,0,575,9,0.000252748126281631,0.000203694799671166,0.000313614365423184,2.57289307336264e-05,7.07396717355383e-06,2948277
"14654","2020/05/31",6,0,581,9,0.000252638198890616,0.000203596855016276,0.000313492364769544,2.83379310664038e-05,7.64788057250518e-06,2948277
"14653","2020/06/01",5,0,586,9,0.000252140609590115,0.000203188245029879,0.000312886638669112,3.0489301455398e-05,8.10334518331092e-06,2948277
"14652","2020/06/02",2,0,588,9,0.000250387447331864,0.000201768041764343,0.000310722516971202,2.69348929368394e-05,6.92320475421613e-06,2948277
"14651","2020/06/03",2,0,590,9,0.000248698903963149,0.000200398724776551,0.000308640411267271,2.5360881060763e-05,6.36673634505274e-06,2948277
"14650","2020/06/04",0,0,590,9,0.000246282082036583,0.000198444288027961,0.000305651850879818,2.05853872935164e-05,4.98305413418298e-06,2948277
"14649","2020/06/05",1,1,591,10,0.000271596980756187,0.00022365246176171,0.000329819396463739,1.82140854110948e-05,4.30765802994982e-06,2948277
"14648","2020/06/06",4,0,595,10,0.000271108880003498,0.000223244454943072,0.000329235612304429,1.91045259770383e-05,4.51973628461798e-06,2948277
"14647","2020/06/07",1,0,596,10,0.00026940978036696,0.000221837917809022,0.00032718315459424,1.77148915410058e-05,4.14764531549853e-06,2948277
"14646","2020/06/08",2,0,598,10,0.000268288480912209,0.000220908805540576,0.000325829967773557,1.49724140373675e-05,3.44025474568627e-06,2948277
"14645","2020/06/09",1,0,599,10,0.000266839060764812,0.000219709658168725,0.000324078080787723,1.31693732025122e-05,2.99393853338168e-06,2948277
"14644","2020/06/10",6,0,605,10,0.000267719007100057,0.000220429956657396,0.000325153022980625,1.58244377357359e-05,3.61391613277929e-06,2948277
"14643","2020/06/11",0,0,605,10,0.000266013247202383,0.000219019962086845,0.000323089489254397,1.31870659832319e-05,3.01163131410141e-06,2948277
"14642","2020/06/12",6,0,611,10,0.000266982240441856,0.000219813660997231,0.000324272460537614,1.31998225124039e-05,3.02438784327345e-06,2948277
"14641","2020/06/13",3,0,614,10,0.00026666436472472,0.000219546534146941,0.000323894356567001,1.23513724722276e-05,2.85430011437251e-06,2948277
"14640","2020/06/14",1,0,615,10,0.000265477710642887,0.000218565563433051,0.000322458916863072,1.19313855623217e-05,2.77349436010428e-06,2948277
"14639","2020/06/15",2,0,617,10,0.00026474301448449,0.000217955453176888,0.000321574260688272,1.19465005517489e-05,2.78860934953145e-06,2948277
"14638","2020/06/16",4,0,621,10,0.00026490865870375,0.000218087937988377,0.000321781195711795,1.36528365176346e-05,3.13822069286639e-06,2948277
"14637","2020/06/17",0,0,621,10,0.000263407957702282,0.000216848651925662,0.000319963954420491,1.31932815586562e-05,3.01784688952575e-06,2948277
"14636","2020/06/18",5,0,626,10,0.000264064564862014,0.000217384149951714,0.000320768990891257,1.34798427446195e-05,2.96522691985133e-06,2948277
"14635","2020/06/19",0,0,626,10,0.000262650410780297,0.000216216263734311,0.000319056656939687,1.3027812911789e-05,2.85237824265854e-06,2948277
"14634","2020/06/20",26,0,652,10,0.000272125028999636,0.000224012041398772,0.000330571655638055,2.29821386083256e-05,4.66635620389071e-06,2948277
"14633","2020/06/21",5,0,657,10,0.000272657982257297,0.000224446981079619,0.000331224661303192,2.46116870793646e-05,4.93918005237904e-06,2948277
"14632","2020/06/22",2,0,659,10,0.000271623261641147,0.000223590250031636,0.000329975015700085,2.27809723538531e-05,4.46518994941819e-06,2948277
"14631","2020/06/23",6,0,665,10,0.00027202719747516,0.000223916628819692,0.000330474768918465,2.52353530829522e-05,4.88448374469128e-06,2948277
"14630","2020/06/24",5,0,670,10,0.000271921659560067,0.000223823733581388,0.000330355444236274,2.46428623371227e-05,4.63117415449938e-06,2948277
"14629","2020/06/25",8,0,678,10,0.000272967959426287,0.000224680197079745,0.00033163361899182,2.65608028664911e-05,4.8532089056794e-06,2948277
"14628","2020/06/26",6,0,684,10,0.000273146372134554,0.000224821175701936,0.000331859044760015,2.85251526004728e-05,5.12165286147274e-06,2948277
"14627","2020/06/27",2,0,686,10,0.000271672868558433,0.000223601479849521,0.000330078976044512,2.84590396584379e-05,5.05553991943775e-06,2948277
"14626","2020/06/28",4,0,690,10,0.000270983262096749,0.0002230282739454,0.000329249413258574,2.83236211539826e-05,4.92012141498252e-06,2948277
"14625","2020/06/29",6,0,696,10,0.000271111512057667,0.000223128292120271,0.000329413411771984,3.06607893613763e-05,5.2222026885501e-06,2948277
"14624","2020/06/30",2,0,698,10,0.000269720210918046,0.000221977812541359,0.000327730917539882,2.93244847500746e-05,4.90344154416149e-06,2948277
"14623","2020/07/01",4,0,702,10,0.000269146392564815,0.000221500239482361,0.000327041545417481,3.08580824285066e-05,5.08031460004276e-06,2948277
"14622","2020/07/02",5,0,707,10,0.000269012478992465,0.000221384792732164,0.000326886562354007,2.19089636219277e-05,3.25400006185512e-06,2948277
"14621","2020/07/03",8,0,715,10,0.00027005382486626,0.000222236593237618,0.000328159585522983,2.28555221831505e-05,3.18301515616489e-06,2948277
"14620","2020/07/04",6,0,721,10,0.000270330358513118,0.000222459057292759,0.000328503157494093,2.42808008790149e-05,3.25156922947859e-06,2948277
"14619","2020/07/05",7,0,728,10,0.000270934767017784,0.000222952397215329,0.000329243591438423,2.44315621404713e-05,3.06314933529734e-06,2948277
"14618","2020/07/06",4,0,732,10,0.000270370427869756,0.000222483034382111,0.000328565135177572,2.38797300564266e-05,2.85049840689029e-06,2948277
"14617","2020/07/07",5,0,737,10,0.000270138933292528,0.000222286683151814,0.000328292465593117,2.24915620771042e-05,2.47987389448088e-06,2948277
"14616","2020/07/08",8,0,745,10,0.000270988775616502,0.000222981167322571,0.000329332370943676,2.30054878527077e-05,2.31543735880905e-06,2948277
"14615","2020/07/09",6,0,751,10,0.000271083394593685,0.000223054275466635,0.000329454374594256,2.43792181240521e-05,2.33244300760272e-06,2948277
"14614","2020/07/10",2,0,753,10,0.000269702803994373,0.000221913635338556,0.000327783384610209,2.35246427715045e-05,2.15622996633045e-06,2948277
"14613","2020/07/11",0,0,753,10,0.000267620472999711,0.000220194821720583,0.00032526068055984,2.11874745641108e-05,1.85414869276287e-06,2948277
"14612","2020/07/12",5,0,758,10,0.000267389241924555,0.000220000097574529,0.000324986249939127,2.2178418562729e-05,1.82754922446808e-06,2948277
"14611","2020/07/13",0,0,758,10,0.000265494909733088,0.000218437121009289,0.000322690331975137,2.0644820884297e-05,1.65067616858681e-06,2948277
"14610","2020/07/14",1,0,759,10,0.000264056631728973,0.000217250334694693,0.000320947283501487,1.90902288055662e-05,1.45280871240665e-06,2948277
"14609","2020/07/15",3,0,762,10,0.000263435230988639,0.000216734851145139,0.000320198254038824,1.71057941270167e-05,1.16427981204563e-06,2948277
"14608","2020/07/16",1,0,763,10,0.00026223552122853,0.000215744492238938,0.000318744955573831,1.51998556905811e-05,9.54247153798403e-07,2948277
"14607","2020/07/17",2,0,765,10,0.000261477004990237,0.000215117170653654,0.000317827832761628,1.32783137130718e-05,7.28610954477573e-07,2948277
"14606","2020/07/18",3,0,768,10,0.000261148180275913,0.000214843406294957,0.00031743293051215,1.28209897601995e-05,6.10468157242873e-07,2948277
"14605","2020/07/19",6,0,774,10,0.000261901929271469,0.000215461092706116,0.00031835269975947,1.30233837951617e-05,4.73681036567457e-07,2948277
"14604","2020/07/20",16,0,790,10,0.000266041363421343,0.000218863278613467,0.000323389138184701,1.55403357015633e-05,2.77183697867552e-07,2948277
