"","date","cases","deaths","cum_cases","cum_deaths","p_cases","p_cases_low","p_cases_high","p_cases_active","p_cases_active_undetected","population"
"15770","2020/03/19",3,0,3,0,NA,NA,NA,4.67591906358174e-07,0,6415851
"15769","2020/03/20",3,0,6,0,0,NA,NA,9.35183812716349e-07,0,6415851
"15768","2020/03/21",0,0,6,0,0,NA,NA,9.35183812716349e-07,0,6415851
"15767","2020/03/22",8,0,14,0,0,0,NA,2.18209556300481e-06,0,6415851
"15766","2020/03/23",0,0,14,0,0,0,NA,2.18209556300481e-06,0,6415851
"15765","2020/03/24",2,0,16,0,0,0,NA,2.49382350057693e-06,0,6415851
"15764","2020/03/25",26,0,42,0,0,0,NA,6.54628668901444e-06,0,6415851
"15763","2020/03/26",2,0,44,0,0,0,NA,6.85801462658656e-06,0,6415851
"15762","2020/03/27",0,0,44,0,0,0,NA,6.85801462658656e-06,0,6415851
"15761","2020/03/28",14,0,58,0,0,0,NA,9.04011018959137e-06,0,6415851
"15760","2020/03/29",26,0,84,0,0,0,NA,1.30925733780289e-05,0,6415851
"15759","2020/03/30",0,0,84,0,0,0,NA,1.30925733780289e-05,0,6415851
"15758","2020/03/31",0,0,84,0,0,0,NA,1.26249814716707e-05,0,6415851
"15757","2020/04/01",23,0,107,0,0,0,NA,1.57422608473919e-05,0,6415851
"15756","2020/04/02",5,1,112,1,3.8818820064804e-05,5.79160600139389e-06,0.000260187034625794,1.74752438859992e-05,9.5366319467703e-07,6415851
"15755","2020/04/03",13,0,125,1,3.65007323722853e-05,5.3962228799136e-06,0.000246895558868119,2.00244083024284e-05,2.72350776717595e-06,6415851
"15754","2020/04/04",19,0,144,1,3.59967319996399e-05,5.28617128202084e-06,0.000245123482672802,2.47739771079365e-05,4.51166116574889e-06,6415851
"15753","2020/04/05",0,0,144,1,3.11385554790052e-05,4.54600848349556e-06,0.000213288127560537,2.44622491703643e-05,4.51166116574889e-06,6415851
"15752","2020/04/06",72,3,216,4,0.000163310064935159,0.000103175126930557,0.000258494252467228,7.48464742936464e-05,4.77261437248722e-05,6415851
"15751","2020/04/07",12,0,228,4,0.000150650809138527,9.48122549437976e-05,0.000239374818239966,8.24637363107335e-05,5.37847660540988e-05,6415851
"15750","2020/04/08",42,0,270,4,0.000154202889329043,9.66590493700444e-05,0.000246004189285915,0.000106450852428585,7.12255954829355e-05,6415851
"15749","2020/04/09",10,0,280,4,0.000137928514728055,8.61552064678659e-05,0.00022081399319939,0.000109194775248725,7.45929741782197e-05,6415851
"15748","2020/04/10",18,1,298,5,0.000158818176624995,0.000109110494216654,0.00023117128565474,0.000114735356285958,8.13804669657415e-05,6415851
"15747","2020/04/11",41,0,339,5,0.000158078768008907,0.000108353853659503,0.000230623056321931,0.000133854027343082,9.41087153026376e-05,6415851
"15746","2020/04/12",38,0,377,5,0.000155270210193916,0.000106227600480905,0.000226954558556526,0.000149504605558915,0.0001038364627046,6415851
"15745","2020/04/13",42,0,419,5,0.000153165653292474,0.000104622414473946,0.000224232230411319,0.000161272854654601,0.000112643296393351,6415851
"15744","2020/04/14",11,0,430,5,0.000139949257422309,9.54549858730826e-05,0.000205183568714755,0.00016311996889889,0.000113555226824924,6415851
"15743","2020/04/15",19,0,449,5,0.000130773913783468,8.90932507562311e-05,0.000191954119768715,0.000164857755453522,0.000114357829566839,6415851
"15742","2020/04/16",17,0,466,5,0.000122525991162707,8.3391798551226e-05,0.0001800251196307,0.000164578018943649,0.000114389820994538,6415851
"15741","2020/04/17",23,0,489,5,0.000117148612211755,7.96672758500762e-05,0.000172263921374274,0.000170088076368742,0.000116315007137552,6415851
"15740","2020/04/18",17,0,506,5,0.000111374427515138,7.56891416767622e-05,0.000163884314573129,0.000119393216649428,7.41926657014713e-05,6415851
"15739","2020/04/19",48,0,554,5,0.000112831495412642,7.66371413707823e-05,0.000166119796867929,0.000121240240737741,7.04285869134865e-05,6415851
"15738","2020/04/20",14,2,568,7,0.000150582696759641,0.000114342702491186,0.000198308663949531,0.000100964669962558,5.45172072643123e-05,6415851
"15737","2020/04/21",22,0,590,7,0.0001458692493014,0.000110713543260374,0.000192188211714201,0.000101477843926245,5.31600136025666e-05,6415851
"15736","2020/04/22",22,0,612,7,0.000141653989272806,0.000107471843187984,0.000186707997943259,9.69769365698577e-05,4.80356503710354e-05,6415851
"15735","2020/04/23",19,1,631,8,0.000156876168944844,0.000123219425951129,0.000199726075599249,8.25819536426097e-05,3.70696747570807e-05,6415851
"15734","2020/04/24",25,0,656,8,0.000153856993322852,0.000120810713779664,0.00019594267473265,7.27948279162153e-05,2.93087806249051e-05,6415851
"15733","2020/04/25",9,0,665,8,0.000147637911590538,0.00011589550476179,0.000188074187895525,5.94398146126071e-05,2.10972782912368e-05,6415851
"15732","2020/04/26",17,0,682,8,0.000143802959116557,0.000112857199031603,0.000183234133295187,5.94442485686866e-05,2.01665284345999e-05,6415851
"15731","2020/04/27",13,0,695,8,0.000139684755586981,0.000109601844075063,0.000178024659238686,5.65231942252232e-05,1.81806579038529e-05,6415851
"15730","2020/04/28",13,0,708,8,0.000136096800660515,0.000106766811168906,0.000173484053211305,5.45523144840889e-05,1.68332340378628e-05,6415851
"15729","2020/04/29",21,0,729,8,0.000134455129777069,0.000105460981645619,0.000171420573194707,5.29154500978418e-05,1.55080975891878e-05,6415851
"15728","2020/04/30",17,0,746,8,0.00013236901908631,0.000103809222490098,0.000168786132807642,5.2190073683006e-05,1.47827211743521e-05,6415851
"15727","2020/05/01",0,0,746,8,0.00012760462158245,0.000100058920479894,0.000162733511126298,4.24140596400334e-05,1.24881776331102e-05,6415851
"15726","2020/05/02",23,0,769,8,0.000127086075639435,9.96394634325682e-05,0.000162093111153318,4.25035282631751e-05,1.11748705371774e-05,6415851
"15725","2020/05/03",26,2,795,10,0.000159035921284693,0.000130936127739611,0.000193166123784944,4.22655107004967e-05,1.03133970993547e-05,6415851
"15724","2020/05/04",35,0,830,10,0.00016099825454033,0.000132538308933543,0.000195569403092579,4.39624568539978e-05,9.98411165863709e-06,6415851
"15723","2020/05/05",13,1,843,11,0.000174458262615193,0.000146186161069287,0.000208198130192953,4.19291096659926e-05,8.88594828334828e-06,6415851
"15722","2020/05/06",28,1,871,12,0.000190714028771035,0.000162181916262818,0.000224265698717839,4.21965329579427e-05,8.68577966894018e-06,6415851
"15721","2020/05/07",24,0,895,12,0.000190120081969111,0.000161661582994299,0.000223588343615416,4.52966180259735e-05,9.4479052051801e-06,6415851
"15720","2020/05/08",11,0,906,12,0.000186746020361713,0.000158777747577395,0.000219640829102568,4.39794225750538e-05,9.0658935669768e-06,6415851
"15719","2020/05/09",25,0,931,12,0.000186300550004856,0.000158385752435035,0.000219135208808305,4.63693142510039e-05,9.58541761749421e-06,6415851
"15718","2020/05/10",71,0,1002,12,0.000194821882555548,0.000165616511345326,0.000229177426901277,5.76751058696007e-05,1.18510990464996e-05,6415851
"15717","2020/05/11",14,0,1016,12,0.000191862654896629,0.000163087481826885,0.000225714922639235,5.64456895714567e-05,1.1712730529858e-05,6415851
"15716","2020/05/12",21,0,1037,12,0.000189945622515772,0.000161444859276962,0.000223477784764947,5.7275773626125e-05,1.19193587093821e-05,6415851
"15715","2020/05/13",7,0,1044,12,0.000185448834992884,0.00015761021674359,0.000218204575253949,5.85192045120926e-05,1.20717418138473e-05,6415851
"15714","2020/05/14",38,0,1082,12,0.000186540397371153,0.000158526002797817,0.000219505439090444,6.12695168864906e-05,1.24840946564544e-05,6415851
"15713","2020/05/15",29,2,1111,14,0.000217116529366874,0.000188852721834655,0.000249610314674672,6.17356502496273e-05,1.24826361132329e-05,6415851
"15712","2020/05/16",6,0,1117,14,0.000212191295419627,0.000184556284211575,0.00024396430630475,5.60863593239934e-05,1.13534002823947e-05,6415851
"15711","2020/05/17",21,0,1138,14,0.000210291083806677,0.00018289146883808,0.000241795531576918,5.72766095595739e-05,1.12967387676868e-05,6415851
"15710","2020/05/18",78,0,1216,14,0.000218847480719729,0.000190321617581442,0.000251648869035476,6.51836478375107e-05,1.14105786063206e-05,6415851
"15709","2020/05/19",27,0,1243,14,0.000217903770771598,0.000189490142058052,0.000250577960419358,6.48186832181164e-05,1.05780220805681e-05,6415851
"15708","2020/05/20",27,0,1270,14,0.000216630077187234,0.000188371492934626,0.000249127878168026,6.71568687560881e-05,1.04223841179629e-05,6415851
"15707","2020/05/21",43,0,1313,14,0.000217815279205217,0.000189391164586535,0.000250505328265032,6.92874946777465e-05,9.74745860147231e-06,6415851
"15706","2020/05/22",37,0,1350,14,0.000217771035231573,0.000189341965273419,0.000250468636032948,6.14512899887734e-05,7.21062885122513e-06,6415851
"15705","2020/05/23",14,0,1364,14,0.000213912482148827,0.000185976797332219,0.000246044402718321,6.10030959094234e-05,6.76243477187514e-06,6415851
"15704","2020/05/24",39,0,1403,14,0.000213964877190618,0.00018601223484486,0.000246118050833478,6.32352544598413e-05,6.18904188414398e-06,6415851
"15703","2020/05/25",30,2,1433,16,0.000243038280076267,0.000215006469371836,0.000274724782723991,6.70798545594201e-05,6.44877070164344e-06,6415851
"15702","2020/05/26",35,0,1468,16,0.000242399906835253,0.000214431634407442,0.000274016075081971,6.63078175511164e-05,6.14432559969793e-06,6415851
"15701","2020/05/27",52,0,1520,16,0.000244475097522101,0.000216257046846263,0.000276375147908728,6.90041311611613e-05,5.25576792766349e-06,6415851
"15700","2020/05/28",74,0,1594,16,0.000249762760765891,0.000220924702360258,0.000282365149749871,7.94593480330666e-05,5.11223492211689e-06,6415851
"15699","2020/05/29",68,0,1662,16,0.000253537325985232,0.000224253154938542,0.000286645580015846,8.61775067330667e-05,4.50478708917226e-06,6415851
"15698","2020/05/30",60,0,1722,16,0.000255406114965509,0.000225895970984917,0.000288771345842774,8.14914308009055e-05,2.62426259516005e-06,6415851
"15697","2020/05/31",26,0,1748,16,0.000251723856892054,0.000222628606238151,0.000284621555151041,8.08106664665488e-05,2.09936222958945e-06,6415851
"15696","2020/06/01",69,0,1817,16,0.000253885970013959,0.000224530507849216,0.000287079410220798,8.6959758986759e-05,1.70216806078522e-06,6415851
"15695","2020/06/02",28,1,1845,17,0.000265761328076646,0.000236721749720568,0.000298363304531311,8.41906241372741e-05,1.27099274309118e-06,6415851
"15694","2020/06/03",26,3,1871,20,0.000307670278275069,0.000278819796642581,0.000339506022433566,8.24975668739682e-05,1.29243913643193e-06,6415851
"15693","2020/06/04",28,0,1899,20,0.000303271444402094,0.000274822354613286,0.000334665530099078,8.47736010863705e-05,1.38637778582941e-06,6415851
"15692","2020/06/05",37,2,1936,22,0.000330711887974709,0.000302358755272954,0.000361723783222557,8.50153297825697e-05,1.93983441960074e-06,6415851
"15691","2020/06/06",38,0,1974,22,0.000328323587931646,0.000300164657487128,0.00035912415303901,8.62476110267105e-05,1.92520391345308e-06,6415851
"15690","2020/06/07",33,0,2007,22,0.00032537569972435,0.000297459669193553,0.000355911597219664,8.58182958307832e-05,1.80761665509787e-06,6415851
"15689","2020/06/08",25,1,2032,23,0.000336013224789721,0.000308367189583783,0.000366137809233144,8.15886950477312e-05,1.7863430292694e-06,6415851
"15688","2020/06/09",23,1,2055,24,0.000346289537120081,0.000318919023384604,0.000376009064138595,7.38694327228411e-05,2.01614311246827e-06,6415851
"15687","2020/06/10",38,2,2093,26,0.000373547344673526,0.000346181130462354,0.000403076905220911,7.00527177701832e-05,2.87534722339214e-06,6415851
"15686","2020/06/11",36,0,2129,26,0.000371859432104899,0.000344608081599551,0.000401265799117457,6.69887798570997e-05,3.55214456117406e-06,6415851
"15685","2020/06/12",37,0,2166,26,0.000370516312693482,0.000343354997359696,0.000399826241142949,6.92655426934355e-05,4.11440374086315e-06,6415851
"15684","2020/06/13",41,1,2207,27,0.000384171022098717,0.000356995957742786,0.000413414692854055,6.56477715776222e-05,4.86082375105951e-06,6415851
"15683","2020/06/14",78,0,2285,27,0.000389907105751772,0.000362318349758172,0.000419596609493265,7.45933197289159e-05,6.01317346305036e-06,6415851
"15682","2020/06/15",87,0,2372,27,0.000396749237937727,0.000368668366222155,0.00042696898412302,8.48697699282415e-05,6.78192156642641e-06,6415851
"15681","2020/06/16",100,1,2472,28,0.000419965643457663,0.000391246036070941,0.000450793427726458,9.73870544888591e-05,8.07700037444781e-06,6415851
"15680","2020/06/17",90,2,2562,30,0.000456101988933572,0.000426888805362898,0.00048731431158593,0.000107088949122424,9.51810466235181e-06,6415851
"15679","2020/06/18",95,1,2657,31,0.000477246454814687,0.000447610474748872,0.000508844612631042,0.00011783239797945,1.13773072985718e-05,6415851
"15678","2020/06/19",132,1,2789,32,0.00050412027559642,0.000473738455691492,0.000536450543995757,0.000136341827349651,1.44562037589531e-05,6415851
"15677","2020/06/20",192,3,2981,35,0.000573573750692099,0.000541829189716236,0.000607178154531131,0.000169150496792303,2.12355904143334e-05,6415851
"15676","2020/06/21",170,2,3151,37,0.000622290104474655,0.000589615246408127,0.000656775713460823,0.000198848002373046,2.80210925835264e-05,6415851
"15675","2020/06/22",205,3,3356,40,0.000693549028990632,0.000659728941840912,0.000729102855896596,0.00023443114949327,3.75749569164784e-05,6415851
"15674","2020/06/23",163,1,3519,41,0.000719252180776093,0.000684975193120393,0.000755244430377844,0.000261458993941453,4.48080773288319e-05,6415851
"15673","2020/06/24",207,1,3726,42,0.000750612949735382,0.000715632130469926,0.000787303666676448,0.000296830487346423,5.36826960401722e-05,6415851
"15672","2020/06/25",228,1,3954,43,0.000782890058221018,0.000747190675769829,0.000820295090847891,0.000334837532646952,6.25431791777085e-05,6415851
"15671","2020/06/26",250,0,4204,43,0.000797417902731633,0.000761030641806386,0.00083554495268101,0.000368947982637705,6.98450265372593e-05,6415851
"15670","2020/06/27",309,3,4513,46,0.000875449912277558,0.000837961067017217,0.000914615939896689,0.000414337114452829,8.06323572818783e-05,6415851
"15669","2020/06/28",235,1,4748,47,0.000897594865322059,0.000859907821196113,0.000936933613572496,0.000441774243631491,8.70278506744227e-05,6415851
"15668","2020/06/29",269,3,5017,50,0.000960371445268819,0.000922322591857247,0.000999989939561702,0.000477244833387779,9.45987900180066e-05,6415851
"15667","2020/06/30",279,7,5296,57,0.00109860051493842,0.00106013186257074,0.00113846506650245,0.000518056741422634,0.000106731727796226,6415851
"15666","2020/07/01",439,5,5735,62,0.00122906923861247,0.0011892878807004,0.00127018127218601,0.000588279534211291,0.000129104282167564,6415851
"15665","2020/07/02",0,0,5735,62,0.0011660016752023,0.00112822684164859,0.00120504127041327,0.000551336843794356,0.000122087473757552,6415851
"15664","2020/07/03",1032,14,6767,76,0.00159958988753507,0.00155676212767957,0.0016435958730049,0.000761708731799414,0.000198104620669028,6415851
"15663","2020/07/04",327,2,7094,78,0.00163040171243426,0.00158775343636138,0.00167419555393962,0.000794497392433563,0.000211877877111277,6415851
"15662","2020/07/05",283,10,7377,88,0.00180439107147041,0.00176216534014511,0.00184762863315314,0.000830402560503593,0.000229079368926981,6415851
"15661","2020/07/06",314,4,7691,92,0.00185203613436897,0.00181039677714669,0.0018946332021284,0.000864314810283557,0.000246314174046836,6415851
"15660","2020/07/07",450,7,8141,99,0.00198773382435356,0.00194592157514411,0.00203044449835376,0.000929044429310594,0.000276441992003368,6415851
"15659","2020/07/08",345,13,8486,112,0.00221143698328216,0.00216984735141028,0.00225382376684221,0.000971530645796997,0.000304121131455096,6415851
"15658","2020/07/09",361,4,8847,116,0.00225555159161188,0.00221441863823834,0.00229744859195649,0.00100362689642235,0.000328112455703571,6415851
"15657","2020/07/10",511,6,9358,122,0.00237398741883679,0.00233258420558981,0.00241612553634277,0.00108883407493793,0.000370301178834202,6415851
"15656","2020/07/11",552,3,9910,125,0.00244031198865246,0.00239863129802049,0.00248271695899052,0.0011732697460537,0.000410627346783515,6415851
"15655","2020/07/12",719,7,10629,132,0.00262001581263317,0.00257736213820337,0.00266337537775462,0.00129262536579122,0.000461402820255171,6415851
"15654","2020/07/13",488,15,11117,147,0.00289189867211357,0.002849084040457,0.00293535670096651,0.00132548807837391,0.000486628198367342,6415851
"15653","2020/07/14",421,2,11538,149,0.00288130358746878,0.00283910770580614,0.00292412660012249,0.00143062144727011,0.000526142836404612,6415851
"15652","2020/07/15",439,11,11977,160,0.00304310066360891,0.0030012025183755,0.00308558372590914,0.00129821685904184,0.000486165581666472,6415851
"15651","2020/07/16",521,7,12498,167,0.00314448062286807,0.00310273552631427,0.00318678736996266,0.00135414594199191,0.000511857054672053,6415851
"15650","2020/07/17",603,5,13101,172,0.00322584422713409,0.00318406367188582,0.00326817301727234,0.0014334010287224,0.000541235671390999,6415851
"15649","2020/07/18",11505,728,24606,900,0.0301616072762491,0.0300462813931661,0.0302773758117567,0.0154604171627089,0.0128239781306927,6415851
"15648","2020/07/19",1926,103,26532,1003,0.03385615544023,0.0337337212224174,0.0339790340246037,0.0178082157262782,0.0149417214763338,6415851
"15647","2020/07/20",611,34,27143,1037,0.0322945995851078,0.0321791769825396,0.0324104361938263,0.0184452739282127,0.0155373198625712,6415851
