"","date","cases","deaths","cum_cases","cum_deaths","p_cases","p_cases_low","p_cases_high","p_cases_active","p_cases_active_undetected","population"
"6312","2020/05/02",1,0,1,0,NA,NA,NA,1.1752386615912e-06,0,850891
"6311","2020/05/03",0,0,1,0,0,NA,NA,1.1752386615912e-06,0,850891
"6310","2020/05/04",2,0,3,0,0,NA,NA,3.52571598477361e-06,0,850891
"6309","2020/05/05",1,1,4,1,0,NA,NA,4.70095464636481e-06,0,850891
"6308","2020/05/06",0,0,4,1,0,NA,NA,4.70095464636481e-06,0,850891
"6307","2020/05/07",4,0,8,1,0,NA,NA,9.40190929272962e-06,0,850891
"6306","2020/05/08",0,0,8,1,0,NA,NA,9.40190929272962e-06,0,850891
"6305","2020/05/09",0,0,8,1,0.000481087103168568,0.000480178950462998,0.000481996973444922,9.40190929272962e-06,0,850891
"6304","2020/05/10",3,0,11,1,0.000479639056050478,0.000179674047298512,0.0012803942892586,0.00014021256094286,0.000127284935665357,850891
"6303","2020/05/11",0,0,11,1,0.000368160558572595,9.94806331318929e-05,0.00136249833380917,0.00014021256094286,0.000127284935665357,850891
"6302","2020/05/12",0,0,11,1,0.00029200485805109,7.89026077892127e-05,0.00108065930283605,0.00014021256094286,0.000127284935665357,850891
"6301","2020/05/13",0,0,11,1,0.000240731548074829,5.52458326685383e-05,0.00104897827472707,0.00014021256094286,0.000127284935665357,850891
"6300","2020/05/14",0,0,11,1,0.000205755872765574,4.2811248730793e-05,0.000988886809719999,0.000139037322281269,0.000127284935665357,850891
"6299","2020/05/15",0,0,11,1,0.000181172696465935,3.76962721276422e-05,0.000870737186785873,0.000139037322281269,0.000127284935665357,850891
"6298","2020/05/16",0,0,11,1,0.000163321694044079,3.18328575335991e-05,0.000837938463968363,0.000136686844958086,0.000127284935665357,850891
"6297","2020/05/17",0,0,11,1,0.00014996485528923,2.92294903099673e-05,0.000769409852290535,0.000135511606296495,0.000127284935665357,850891
"6296","2020/05/18",0,0,11,1,0.000139706840791285,2.59885677473372e-05,0.000751022586301679,0.000135511606296495,0.000127284935665357,850891
"6295","2020/05/19",0,0,11,1,0.000131651501663875,2.44900961946575e-05,0.000707719469641535,0.00013081065165013,0.000127284935665357,850891
"6294","2020/05/20",23,0,34,1,0.000386997441713865,7.19900985167387e-05,0.00208038359411682,0.000392603038691863,0.000362046833490492,850891
"6293","2020/05/21",0,0,34,1,0.000354621533619209,6.36985388810413e-05,0.00197424359044236,0.000392603038691863,0.000362046833490492,850891
"6292","2020/05/22",0,0,34,1,0.000303390216931169,5.18902197408822e-05,0.00177385303413974,0.000261792387041732,0.000234761897825135,850891
"6291","2020/05/23",44,0,78,1,0.000586162183619861,9.84834821130603e-05,0.0034887688588383,0.000592447977801654,0.000513706987475044,850891
"6290","2020/05/24",0,0,78,1,0.000476567952956106,7.70705185408777e-05,0.00294687278721644,0.000592447977801654,0.000513706987475044,850891
"6289","2020/05/25",9,0,87,1,0.000413531258081293,6.48276688670346e-05,0.00263788756250121,0.000635227073465236,0.000545908935184305,850891
"6288","2020/05/26",0,0,87,1,0.000325394864344857,4.98175489187155e-05,0.00212539195605086,0.000635227073465236,0.000545908935184305,850891
"6287","2020/05/27",0,0,87,1,0.000263873511368564,3.97885972997417e-05,0.00174997950989409,0.000635227073465236,0.000545908935184305,850891
"6286","2020/05/28",0,1,87,2,0.000443618537509998,0.000176349794132676,0.00111594917244105,0.000635227073465236,0.000545908935184305,850891
"6285","2020/05/29",0,0,87,2,0.000385126682810262,0.000151905980527056,0.000976410285479304,0.000635227073465236,0.000545908935184305,850891
"6284","2020/05/30",0,0,87,2,0.000343251850911297,0.000134579666382479,0.000875480199357743,0.000635227073465236,0.000545908935184305,850891
"6283","2020/05/31",19,0,106,2,0.000380569264089615,0.00014863309646249,0.000974432802765854,0.000703442318915262,0.000591794646064097,850891
"6282","2020/06/01",0,0,106,2,0.000350013153931046,0.000136152223554449,0.00089979586617449,0.000441649931873529,0.000357032748238962,850891
"6281","2020/06/02",0,0,106,2,0.000322819775558204,0.00012523659441276,0.000832125849318302,0.000441649931873529,0.000357032748238962,850891
"6280","2020/06/03",26,0,132,2,0.000373040738406006,0.000144382323438135,0.000963825689992624,0.000515127653074712,0.000399954264238774,850891
"6279","2020/06/04",0,0,132,2,0.000346864884942688,0.000133914250867038,0.00089844992319573,0.00018447206231479,0.000121009174588866,850891
"6278","2020/06/05",0,0,132,2,0.000321670782352545,0.000123920361582696,0.000834988624127347,0.00018447206231479,0.000121009174588866,850891
"6277","2020/06/06",0,0,132,2,0.000299235111150546,0.000115062266442509,0.000778201703423074,0.000141692966651208,8.88072268796043e-05,850891
"6276","2020/06/07",9,0,141,2,0.000299358194751172,0.000114921735827372,0.000779794423739774,0.000160800936528943,9.73380488030178e-05,850891
"6275","2020/06/08",0,0,141,2,0.000282097390862509,0.000108139460930888,0.000735891757240163,0.000160800936528943,9.73380488030178e-05,850891
"6274","2020/06/09",0,0,141,2,0.000267031281837397,0.000102232956482722,0.000697482572479205,0.000160800936528943,9.73380488030178e-05,850891
"6273","2020/06/10",21,0,162,2,0.000291968305316271,0.000111652049925069,0.00076349239773443,0.000198648679810682,0.000110505780191341,850891
"6272","2020/06/11",0,0,162,2,0.0002785129607261,0.000106417824056693,0.000728914258302196,0.000198648679810682,0.000110505780191341,850891
"6271","2020/06/12",0,0,162,2,0.00026547165327808,0.000101338330738743,0.000695444637586216,0.000130433434360656,6.46200693115489e-05,850891
"6270","2020/06/13",0,0,162,2,0.000253513430982192,9.66899011050961e-05,0.000664692578581772,0.000130433434360656,6.46200693115489e-05,850891
"6269","2020/06/14",14,0,176,2,0.000264011176177891,0.000100614353380076,0.000692762998570697,0.000151434323374807,6.91676170634225e-05,850891
"6268","2020/06/15",0,0,176,2,0.00025373452650925,9.66415937069323e-05,0.000666185308761677,7.79566021736236e-05,2.62461010636107e-05,850891
"6267","2020/06/16",0,0,176,2,0.000244078639083353,9.29011412586557e-05,0.000641266417717243,7.79566021736236e-05,2.62461010636107e-05,850891
"6266","2020/06/17",21,1,197,3,0.000395108091885164,0.000208381309852788,0.000749157419076691,0.000120074723643616,4.36842106401876e-05,850891
"6265","2020/06/18",0,0,197,3,0.000381236596025427,0.000200947931525059,0.000723278617729539,0.000120074723643616,4.36842106401876e-05,850891
"6264","2020/06/19",13,2,210,5,0.000652747659256016,0.000446575150994489,0.000954104825840313,0.000141374942196016,6.02834745462227e-05,850891
"6263","2020/06/20",0,0,210,5,0.000628781313869414,0.000429962006133598,0.000919536924266045,0.000141374942196016,6.02834745462227e-05,850891
"6262","2020/06/21",37,0,247,5,0.000712326232488931,0.000486817713421839,0.00104229703953314,0.000248079681475734,0.000123504383347067,850891
"6261","2020/06/22",0,0,247,5,0.000684800769056696,0.000467764856886795,0.00100253810519616,0.000210231938193995,0.000110336651958743,850891
"6260","2020/06/23",0,0,247,5,0.000655656755139329,0.000447643841416297,0.000960329933725262,0.000210231938193995,0.000110336651958743,850891
"6259","2020/06/24",0,2,247,7,0.00087873402613571,0.00067065807926708,0.00115136686272763,0.000210231938193995,0.000110336651958743,850891
"6258","2020/06/25",0,0,247,7,0.000843484944240891,0.000643455298990022,0.00110569740008014,0.000210231938193995,0.000110336651958743,850891
"6257","2020/06/26",0,0,247,7,0.000812794495785084,0.000619812827092305,0.00106586192395813,0.000189231049179845,0.000105789104206869,850891
"6256","2020/06/27",0,0,247,7,0.000786453048647766,0.000599517289595709,0.00103167733184887,0.000189231049179845,0.000105789104206869,850891
"6255","2020/06/28",0,0,247,7,0.000763951362566169,0.000582174407742946,0.00100248598461992,0.000189231049179845,0.000105789104206869,850891
"6254","2020/06/29",25,0,272,7,0.000820102531016184,0.000624804541155864,0.00107644569953817,0.000222489998575311,0.000134347098955971,850891
"6253","2020/06/30",0,0,272,7,0.000800430498769951,0.000609668511273161,0.00105088088283118,0.000222489998575311,0.000134347098955971,850891
"6252","2020/07/01",31,0,303,7,0.000869367639575917,0.000662022590339155,0.00114165302479271,0.000271027014194198,0.000161729818666216,850891
"6251","2020/07/02",0,0,303,7,0.000846002799424272,0.000644060105728977,0.00111126388712373,0.000271027014194198,0.000161729818666216,850891
"6250","2020/07/03",0,0,303,7,0.000820894652254223,0.000624789243369855,0.00107855254751989,0.000164322274914479,9.8508909865372e-05,850891
"6249","2020/07/04",6,0,309,7,0.000812079436969126,0.000617910133539254,0.0010672636296977,0.000180090807671161,0.000107226010652507,850891
"6248","2020/07/05",0,0,309,7,0.000788714785736389,0.000599977012561486,0.00103682474530713,0.000180090807671161,0.000107226010652507,850891
"6247","2020/07/06",2,0,311,7,0.000772283507389139,0.000587354698270192,0.00101543720947799,0.000185057261094886,0.000109841986753049,850891
"6246","2020/07/07",0,0,311,7,0.000752953042855445,0.000572538998038769,0.000990217761038669,0.000185057261094886,0.000109841986753049,850891
"6245","2020/07/08",2,0,313,7,0.000740503101116077,0.000562965364018361,0.000974029448008178,0.000189788910303295,0.000112223158638276,850891
"6244","2020/07/09",0,0,313,7,0.000725208373105565,0.00055125416946787,0.000954055703433684,0.000189788910303295,0.000112223158638276,850891
"6243","2020/07/10",0,0,313,7,0.00071165948024893,0.000540876494400303,0.000936367583120274,0.000189788910303295,0.000112223158638276,850891
"6242","2020/07/11",0,0,313,7,0.0006997193658725,0.000531727254966008,0.000920786336236072,0.000114411839437837,6.62270543125978e-05,850891
"6241","2020/07/12",4,0,317,7,0.000698040639923171,0.000530394093718651,0.000918676774034402,0.000123219923222357,7.03341834507525e-05,850891
"6240","2020/07/13",0,0,317,7,0.000688563735437827,0.000523151803133573,0.000906276180107209,3.42747191733354e-05,1.78213779110585e-05,850891
"6239","2020/07/14",0,0,317,7,0.000679914521611026,0.0005165272018877,0.00089498433965934,3.42747191733354e-05,1.78213779110585e-05,850891
"6238","2020/07/15",0,0,317,7,0.000672079999796068,0.000510536930203962,0.00088473820286699,3.42747191733354e-05,1.78213779110585e-05,850891
"6237","2020/07/16",4,0,321,7,0.000673438097103466,0.000511530900111181,0.000886591348698123,2.68979384054815e-05,1.27950744663871e-05,850891
"6236","2020/07/17",7,0,328,7,0.000681475541716115,0.00051759865072707,0.000897237489519957,4.1441623746984e-05,1.91120891767512e-05,850891
"6235","2020/07/18",0,0,328,7,0.000674988403224689,0.000512635280184068,0.000888759244826504,3.64751703232596e-05,1.64961130762092e-05,850891
"6234","2020/07/19",0,0,328,7,0.000668467787178738,0.000507647919258337,0.000880234441123043,3.64751703232596e-05,1.64961130762092e-05,850891
"6233","2020/07/20",6,0,334,7,0.000674291516124006,0.000512047353575016,0.000887943362156642,4.38565423625868e-05,1.91765304691716e-05,850891
