"","date","cases","deaths","cum_cases","cum_deaths","p_cases","p_cases_low","p_cases_high","p_cases_active","p_cases_active_undetected","population"
"17739","2020/03/26",2,0,2,0,NA,NA,NA,1.01739630684123e-07,0,19658023
"17738","2020/03/27",2,0,4,0,0,NA,NA,2.03479261368246e-07,0,19658023
"17737","2020/03/28",0,0,4,0,0,NA,NA,2.03479261368246e-07,0,19658023
"17736","2020/03/29",5,0,9,0,0,NA,NA,4.57828338078554e-07,0,19658023
"17735","2020/03/30",9,0,18,0,0,0,NA,9.15656676157109e-07,0,19658023
"17734","2020/03/31",0,0,18,0,0,0,NA,9.15656676157109e-07,0,19658023
"17733","2020/04/01",0,1,18,1,2.70326389782615e-05,1.012649740073e-05,7.21635074015172e-05,9.15656676157109e-07,0,19658023
"17732","2020/04/02",10,0,28,1,2.79862633887426e-05,6.42260823957946e-06,0.000121949044569993,1.09107507435652e-05,9.48639591398747e-06,19658023
"17731","2020/04/03",8,2,36,3,7.77956747967175e-05,5.97914700179533e-05,0.000101221244690244,2.81986784761691e-05,2.63673651238549e-05,19658023
"17730","2020/04/04",3,0,39,3,6.20979490646401e-05,4.26697456037308e-05,9.03721178430806e-05,3.29754437888337e-05,3.09915209904933e-05,19658023
"17729","2020/04/05",2,0,41,3,4.93813793724663e-05,3.18847668750087e-05,7.64791738414354e-05,3.53842915631004e-05,3.32986291340758e-05,19658023
"17728","2020/04/06",4,2,45,5,7.10751885733492e-05,5.64402270896883e-05,8.95049983181252e-05,4.17020861029536e-05,3.94129444125609e-05,19658023
"17727","2020/04/07",2,0,47,5,6.06028728106017e-05,4.70143467239236e-05,7.81188817631508e-05,4.41791921237845e-05,4.18900504333917e-05,19658023
"17726","2020/04/08",9,0,56,5,6.07124524075289e-05,4.59499815798803e-05,8.02177008695563e-05,5.38348109157389e-05,5.11895805179517e-05,19658023
"17725","2020/04/09",3,2,59,7,7.67894773842573e-05,6.3890975571671e-05,9.22919674365076e-05,5.77393606132435e-05,5.49415207694301e-05,19658023
"17724","2020/04/10",0,0,59,7,6.66144117664986e-05,5.47210709643904e-05,8.10927084721042e-05,5.74850115365332e-05,5.49415207694301e-05,19658023
"17723","2020/04/11",28,0,87,7,8.64737130933693e-05,7.03396460307234e-05,0.000106308511317902,8.48578035043666e-05,8.13477862457644e-05,19658023
"17722","2020/04/12",18,2,105,9,0.000118442762610212,0.000101732697789213,0.000137897532647821,0.000105162277094689,0.000100736603159929,19658023
"17721","2020/04/13",11,0,116,9,0.000113729735658753,9.67184984485543e-05,0.00013373297746025,0.000115946993407157,0.000110961751503634,19658023
"17720","2020/04/14",7,1,123,10,0.000115339633972855,9.9508993944873e-05,0.000133688731416198,0.000112515943549586,0.00010768331109209,19658023
"17719","2020/04/15",21,3,144,13,0.000151525545489851,0.000135734965217987,0.000169153105827403,0.000117325491200918,0.000111831551143976,19658023
"17718","2020/04/16",4,0,148,13,0.000135297278840442,0.000120603463931313,0.000151781325883423,0.000116205409100158,0.000110660599227873,19658023
"17717","2020/04/17",23,0,171,13,0.000136768521058489,0.000121303759866284,0.00015420485212615,0.000132192327316214,0.000125579251321746,19658023
"17716","2020/04/18",19,0,190,13,0.000134043077355194,0.000118430468688555,0.000151713885673298,0.00013927884051188,0.000131902717287281,19658023
"17715","2020/04/19",26,0,216,13,0.000134948480209055,0.000118829405662682,0.000153254088995691,0.000152943793404048,0.000144346794611239,19658023
"17714","2020/04/20",8,1,224,14,0.000133739755119615,0.000118723467905794,0.000150655320426179,0.00014796285480711,0.000139416725829643,19658023
"17713","2020/04/21",22,0,246,14,0.000130795288856603,0.000115809906812156,0.000147719725004445,0.000155755444763448,0.000146242789294482,19658023
"17712","2020/04/22",12,0,258,14,0.000122926761053886,0.000108619113826536,0.0001391190560377,0.000161472968533396,0.000151349875280326,19658023
"17711","2020/04/23",35,3,293,17,0.000152854916463402,0.000138191296985801,0.000169074507560592,0.000151901467941542,0.000141422285981078,19658023
"17710","2020/04/24",16,4,309,21,0.000180397000084252,0.000166446509497767,0.000195516732297918,0.000140937939339402,0.000130560497009621,19658023
"17709","2020/04/25",16,0,325,21,0.000172327455507457,0.000158792498441152,0.000187016088374476,0.000138637036221147,0.000128005244814656,19658023
"17708","2020/04/26",45,0,370,21,0.000178963557849923,0.000164713791513742,0.000194446104020565,0.000153838830128192,0.000141273985738703,19658023
"17707","2020/04/27",19,2,389,23,0.00018851909725647,0.000174738824667141,0.00020338611123254,0.000140949228389173,0.000128486123630368,19658023
"17706","2020/04/28",19,0,408,23,0.000181052033747112,0.000167660208789975,0.000195513527989388,0.000145723889886081,0.000132497737897145,19658023
"17705","2020/04/29",16,1,424,24,0.000180325206520076,0.000167440629957783,0.000194201252794538,0.0001341328486701,0.000121262785388559,19658023
"17704","2020/04/30",58,1,482,25,0.000197035660852649,0.000183425088948767,0.000211656169121357,0.000144438226265398,0.000129584240185516,19658023
"17703","2020/05/01",8,1,490,26,0.000192745338094759,0.00017985095927571,0.000206564176843291,0.000131341290384487,0.000117402960980762,19658023
"17702","2020/05/02",18,0,508,26,0.000185095541032224,0.000172612723460467,0.000198481077310956,0.000133123373981188,0.000118676346424042,19658023
"17701","2020/05/03",36,0,544,26,0.000184305392740557,0.000171785363528057,0.000197737904415256,0.000133622914729294,0.000118463709757359,19658023
"17700","2020/05/04",19,1,563,27,0.00018487297904302,0.000172717195752551,0.000197884282635108,0.000134144443538062,0.000118629149858733,19658023
"17699","2020/05/05",17,2,580,29,0.00019148545051355,0.000179717381036851,0.000204024104662747,0.000121497828408022,0.00010689819140485,19658023
"17698","2020/05/06",32,3,612,32,0.000209439417016165,0.000197744577354652,0.000221825902823116,0.000123107964048137,0.000107694409999492,19658023
"17697","2020/05/07",19,0,631,32,0.000203526658513726,0.000192099351540957,0.000215633735322273,0.000120752528844035,0.000105186365349365,19658023
"17696","2020/05/08",19,0,650,32,0.000198129037957014,0.000186950454260722,0.000209976037966863,0.000104778154913589,9.05346066178115e-05,19658023
"17695","2020/05/09",18,3,668,35,0.000211070707456694,0.000200158111525177,0.000222578256793082,0.000101257815301935,8.70651368215002e-05,19658023
"17694","2020/05/10",24,2,692,37,0.000219733563821452,0.000208953431624108,0.0002310698546293,0.000100447287835486,8.60002602783408e-05,19658023
"17693","2020/05/11",12,1,704,38,0.00021884889971007,0.000208358258178883,0.000229867735135264,9.73729420334745e-05,8.31293937376973e-05,19658023
"17692","2020/05/12",8,1,712,39,0.000217096445978137,0.000206925155732931,0.000227767700304007,7.61025426125246e-05,6.44024850838504e-05,19658023
"17691","2020/05/13",18,1,730,40,0.000218839097276085,0.000208811303586261,0.000229348458029371,7.83517124853277e-05,6.61429568032329e-05,19658023
"17690","2020/05/14",28,4,758,44,0.000240331925855147,0.000230307222868898,0.00025079297933319,8.06709055325093e-05,6.79534516969939e-05,19658023
"17689","2020/05/15",21,2,779,46,0.000248801597267413,0.000238853105195868,0.000259164454873023,7.51813285228786e-05,6.32269219174941e-05,19658023
"17688","2020/05/16",27,0,806,46,0.000248351445915615,0.000238390553743031,0.000258728543224333,7.72617412539904e-05,6.49003761258694e-05,19658023
"17687","2020/05/17",29,2,835,48,0.000259237040383409,0.000249250552789046,0.000269623647188569,8.0652678791073e-05,6.76808758788473e-05,19658023
"17686","2020/05/18",25,4,860,52,0.000279421044768848,0.000269470789843097,0.000289738714556689,7.78243029525689e-05,6.52085887477376e-05,19658023
"17685","2020/05/19",14,0,874,52,0.000274393233412372,0.000264591807867746,0.000284557738764649,7.60912399141423e-05,6.37298747860213e-05,19658023
"17684","2020/05/20",27,1,901,53,0.000278763022713997,0.000268969393693792,0.000288913254275734,7.86533846214667e-05,6.58850609706092e-05,19658023
"17683","2020/05/21",30,2,931,55,0.000289290197156757,0.000279474374366599,0.000299450775623589,8.22877688639304e-05,6.89090074289682e-05,19658023
"17682","2020/05/22",16,5,947,60,0.000310867304260869,0.000301182983437142,0.00032086301741077,7.99191975224907e-05,6.6947394610265e-05,19658023
"17681","2020/05/23",22,2,969,62,0.000318490032005039,0.000308866432140766,0.000328413482111067,8.34197583892836e-05,6.99392573236373e-05,19658023
"17680","2020/05/24",46,1,1015,63,0.00032876309901966,0.000318961509393418,0.000338865888497207,9.58800809078941e-05,8.04665268592495e-05,19658023
"17679","2020/05/25",15,2,1030,65,0.000333964498031575,0.000324291754387292,0.000343925753388975,9.53476090232647e-05,8.00866644206462e-05,19658023
"17678","2020/05/26",29,2,1059,67,0.000343405088554147,0.000333732482067992,0.000353358037294243,9.58738290485542e-05,8.05620146305937e-05,19658023
"17677","2020/05/27",18,3,1077,70,0.000354182871041724,0.000344612530681606,0.00036401899226137,9.50862165371565e-05,7.99270115652221e-05,19658023
"17676","2020/05/28",39,0,1116,70,0.000356466159895986,0.00034680947344746,0.000366391730559922,9.92239019763814e-05,8.34542592203423e-05,19658023
"17675","2020/05/29",78,2,1194,72,0.000381219609335132,0.000371156015031698,0.000391556069835535,0.000115124253429938,9.68619897221377e-05,19658023
"17674","2020/05/30",32,1,1226,73,0.000385406799160453,0.000375346766261112,0.000395736460763257,0.000117061106203877,9.84427537886824e-05,19658023
"17673","2020/05/31",24,3,1250,76,0.000396649741771796,0.000386678797234719,0.000406877798246926,0.00012028146629421,0.000101154415725595,19658023
"17672","2020/06/01",15,1,1265,77,0.000394063233426984,0.000384259778470694,0.000404116799725822,0.000116600543962825,9.80839311783146e-05,19658023
"17671","2020/06/02",50,1,1315,78,0.000402276692492054,0.000392370893518541,0.00041243257335218,0.000122574317416833,0.000103040308325481,19658023
"17670","2020/06/03",36,0,1351,78,0.00040096989538927,0.000391071870785796,0.000411118438882928,0.000128006687529244,0.000107455282131051,19658023
"17669","2020/06/04",0,0,1351,78,0.000389131684358589,0.000379503582093191,0.00039900405402384,0.00012077574769012,0.000101343478229453,19658023
"17668","2020/06/05",110,7,1461,85,0.000445398966339372,0.000435253548690843,0.000455780865688218,0.000139410626802595,0.000116722689160035,19658023
"17667","2020/06/06",24,2,1485,87,0.00045017806331857,0.000440133250725347,0.000460452120714059,0.000141822671215384,0.000118676905234746,19658023
"17666","2020/06/07",38,3,1523,90,0.000463557204545495,0.00045352966910222,0.000473806448674919,0.000143984857000701,0.000120381262681984,19658023
"17665","2020/06/08",10,2,1533,92,0.000462811604188433,0.000452990680572287,0.000472845447285731,0.00014108435897163,0.00011788772317565,19658023
"17664","2020/06/09",14,0,1547,92,0.000453435738246419,0.000443791009691726,0.000463290071743218,0.000132730699066435,0.000110805808654007,19658023
"17663","2020/06/10",39,2,1586,94,0.00046181477687946,0.000452175507931749,0.000471659531317244,0.000119183006562585,9.92420389484968e-05,19658023
"17662","2020/06/11",81,2,1667,96,0.000482723074555798,0.000472832362546553,0.000492820680576111,0.000132579099292207,0.000110145510726358,19658023
"17661","2020/06/12",55,1,1722,97,0.000490836822019749,0.000480861387961726,0.000501019195722203,0.000140640558519112,0.000116630005677659,19658023
"17660","2020/06/13",30,4,1752,101,0.000506223170417199,0.000496310999223542,0.000516333304456585,0.000144636076929634,0.00011986247685805,19658023
"17659","2020/06/14",24,3,1776,104,0.000514178574380778,0.000504372630587533,0.000524175163993888,0.000136288744313152,0.000112837759440461,19658023
"17658","2020/06/15",33,0,1809,104,0.000509793228385646,0.000500051322474214,0.00051972492427767,0.000134903838933719,0.000111605463507054,19658023
"17657","2020/06/16",51,0,1860,104,0.000510619818629582,0.000500843502772761,0.0005205869652573,0.000148904704928401,0.000123011968919291,19658023
"17656","2020/06/17",25,2,1885,106,0.000514152295554029,0.000504469416644937,0.000524021029424542,0.000122189213349704,0.00010062041164467,19658023
"17655","2020/06/18",5,1,1890,107,0.000507551804620856,0.000498062601155938,0.000517221798577149,0.000116256337927823,9.56540627142885e-05,19658023
"17654","2020/06/19",16,0,1906,107,0.000499749919924485,0.000490391354087009,0.000509287083434624,0.000108885408112897,8.94022688368874e-05,19658023
"17653","2020/06/20",17,1,1923,108,0.000497639144448937,0.000488388866202469,0.000507064626623174,0.000110265721270217,9.04264932868131e-05,19658023
"17652","2020/06/21",10,1,1933,109,0.000494424768284237,0.00048530204518367,0.000503718980620416,0.000108720040919293,8.90842921972568e-05,19658023
"17651","2020/06/22",28,2,1961,111,0.000500971964730019,0.000491875905659621,0.000510236233484322,0.000104517032664621,8.5440851911348e-05,19658023
"17650","2020/06/23",0,0,1961,111,0.000491975141564547,0.000483031928262057,0.000501083936186808,8.1061382371268e-05,6.61056566607019e-05,19658023
"17649","2020/06/24",17,0,1978,111,0.000487882730358435,0.000479004194320478,0.000496925833644679,6.95773757141208e-05,5.6554702986553e-05,19658023
"17648","2020/06/25",23,1,2001,112,0.000490203226229821,0.00048134957042481,0.000499219730878853,6.65436905829456e-05,5.38771065627723e-05,19658023
"17647","2020/06/26",6,1,2007,113,0.00048875459439803,0.000479993270568282,0.000497675838793244,6.10564812287293e-05,4.93055538847131e-05,19658023
"17646","2020/06/27",32,0,2039,113,0.000489619061199881,0.000480834299654535,0.000498564318856806,5.94408362929141e-05,4.77407787642399e-05,19658023
"17645","2020/06/28",79,0,2118,113,0.000501824651057066,0.000492813612720786,0.000511000455158338,6.41576980760923e-05,5.10332857178404e-05,19658023
"17644","2020/06/29",29,1,2147,114,0.000506293363537691,0.000497270270913081,0.000515480182419981,6.41773176436897e-05,5.08494260240695e-05,19658023
"17643","2020/06/30",26,1,2173,115,0.000509552350655427,0.000500538087873574,0.000518728952598812,6.8931394774519e-05,5.45352370327156e-05,19658023
"17642","2020/07/01",8,1,2181,116,0.000508266192115037,0.000499340079288099,0.000517351866518351,6.66005641418648e-05,5.26113649227978e-05,19658023
"17641","2020/07/02",21,0,2202,116,0.000505593607503387,0.000496706737093692,0.000514639478103296,6.70229955339542e-05,5.28303170535191e-05,19658023
"17640","2020/07/03",58,1,2260,117,0.000515883379649304,0.00050688121555108,0.000525045421359807,7.77046700054709e-05,6.10702403886168e-05,19658023
"17639","2020/07/04",25,0,2285,117,0.000514212012297011,0.000505231356644884,0.000523352302094726,7.61775291838329e-05,5.96957090130049e-05,19658023
"17638","2020/07/05",18,1,2303,118,0.000515216027724489,0.000506282519035703,0.000524307170885121,8.02044021751663e-05,6.28069253281812e-05,19658023
"17637","2020/07/06",27,1,2330,119,0.00051818414094032,0.000509262956251061,0.000527261605475351,8.20159834927414e-05,6.41098084923357e-05,19658023
"17636","2020/07/07",1,0,2331,119,0.000511153383816376,0.000502346252258446,0.000520114921953294,7.66007486719615e-05,5.98137096090812e-05,19658023
"17635","2020/07/08",17,0,2348,119,0.000507916200215277,0.000499158091129404,0.000516827976999066,7.88170160354367e-05,6.14704090037937e-05,19658023
"17634","2020/07/09",10,1,2358,120,0.000507773924022256,0.000499080659954335,0.000516618612190966,7.32863596843499e-05,5.70588885902322e-05,19658023
"17633","2020/07/10",0,0,2358,120,0.000501632672737483,0.000493038891498532,0.000510376245559323,5.45686319064895e-05,4.23598762243947e-05,19658023
"17632","2020/07/11",46,1,2404,121,0.000509860249265236,0.000501187773576018,0.000518682792131957,5.74860777186508e-05,4.44125351757409e-05,19658023
"17631","2020/07/12",2,0,2406,121,0.000504832178046388,0.000496240223892576,0.000513572894176008,5.18089153167457e-05,3.99562483420454e-05,19658023
"17630","2020/07/13",5,0,2411,121,0.000500621009376596,0.000492096080321127,0.000509293621818109,5.09827754944573e-05,3.92827179657831e-05,19658023
"17629","2020/07/14",1,0,2412,121,0.000495863873107203,0.000487415442876614,0.000504458740990526,4.63666201301421e-05,3.56839589083092e-05,19658023
"17628","2020/07/15",11,0,2423,121,0.000493508382261261,0.000485096083017846,0.000502066563487727,3.53675776769885e-05,2.70757977762324e-05,19658023
"17627","2020/07/16",10,0,2433,121,0.000491283986386723,0.000482905886639387,0.000499807440658239,3.17608775788612e-05,2.42321449082361e-05,19658023
"17626","2020/07/17",7,0,2440,121,0.000488733051333031,0.000480395008709699,0.000497215814350055,2.91361076036472e-05,2.21669429017847e-05,19658023
"17625","2020/07/18",27,0,2467,121,0.00049039954325325,0.000482029855465602,0.000498914557461801,2.84985602745543e-05,2.15293955726919e-05,19658023
"17624","2020/07/19",5,0,2472,121,0.000487823439411999,0.000479494753156383,0.000496296792557686,2.92659731488629e-05,2.20933291856322e-05,19658023
"17623","2020/07/20",3,0,2475,121,0.0004849403432117,0.000476657974457576,0.000493366625706609,2.61763625029705e-05,1.97158959545287e-05,19658023
