"","date","cases","deaths","cum_cases","cum_deaths","p_cases","p_cases_low","p_cases_high","p_cases_active","p_cases_active_undetected","population"
"26850","2020/03/23",1,0,1,0,NA,NA,NA,5.85818551373827e-08,0,17070132
"26849","2020/03/24",0,0,1,0,0,NA,NA,5.85818551373827e-08,0,17070132
"26848","2020/03/25",0,0,1,0,0,NA,NA,5.85818551373827e-08,0,17070132
"26847","2020/03/26",0,0,1,0,0,NA,NA,5.85818551373827e-08,0,17070132
"26846","2020/03/27",4,0,5,0,0,NA,NA,2.92909275686913e-07,0,17070132
"26845","2020/03/28",0,0,5,0,0,NA,NA,2.92909275686913e-07,0,17070132
"26844","2020/03/29",0,0,5,0,0,0,NA,2.92909275686913e-07,0,17070132
"26843","2020/03/30",4,1,9,1,0,NA,NA,5.27236696236444e-07,0,17070132
"26842","2020/03/31",1,1,10,2,0,NA,NA,5.85818551373826e-07,0,17070132
"26841","2020/04/01",0,0,10,2,0,NA,NA,5.85818551373826e-07,0,17070132
"26840","2020/04/02",0,0,10,2,3.3546538647394e-05,2.41522496257274e-05,4.65948419985829e-05,5.85818551373826e-07,0,17070132
"26839","2020/04/03",6,0,16,2,4.25769837438342e-05,3.06538313982359e-05,5.91377802393421e-05,1.65521874553117e-05,1.56148777731135e-05,17070132
"26838","2020/04/04",0,0,16,2,3.46396416507682e-05,2.11810993768903e-05,5.6649787262827e-05,1.64936056001743e-05,1.56148777731135e-05,17070132
"26837","2020/04/05",0,0,16,2,2.82971187832223e-05,1.56875985068755e-05,5.10420336854525e-05,1.64936056001743e-05,1.56148777731135e-05,17070132
"26836","2020/04/06",3,0,19,2,2.80866438576141e-05,1.45861336725597e-05,5.40828420260884e-05,2.09283388408502e-05,1.98738654483773e-05,17070132
"26835","2020/04/07",0,0,19,2,2.39950569796195e-05,1.18930994819923e-05,4.84114978039968e-05,2.09283388408502e-05,1.98738654483773e-05,17070132
"26834","2020/04/08",0,0,19,2,2.08240495423226e-05,9.96639619062283e-06,4.35103151677944e-05,2.06940114203007e-05,1.98738654483773e-05,17070132
"26833","2020/04/09",0,0,19,2,1.84182616796282e-05,8.57825865813711e-06,3.95455974013415e-05,2.06940114203007e-05,1.98738654483773e-05,17070132
"26832","2020/04/10",0,0,19,2,1.66017902139271e-05,7.56567099251874e-06,3.64302701742897e-05,2.06940114203007e-05,1.98738654483773e-05,17070132
"26831","2020/04/11",0,0,19,2,1.52167495538411e-05,6.81202266614477e-06,3.39912942649334e-05,2.04596839997511e-05,1.98738654483773e-05,17070132
"26830","2020/04/12",6,0,25,2,1.86105735316627e-05,8.33132255210435e-06,4.15724448322962e-05,2.48676397922128e-05,2.3988911965152e-05,17070132
"26829","2020/04/13",0,0,25,2,1.73658489473772e-05,7.65952072503126e-06,3.93722689041869e-05,2.48676397922128e-05,2.3988911965152e-05,17070132
"26828","2020/04/14",0,0,25,2,1.61337817798893e-05,7.02724725644505e-06,3.70413769463361e-05,2.48676397922128e-05,2.3988911965152e-05,17070132
"26827","2020/04/15",4,0,29,2,1.74177703286366e-05,7.50524023697386e-06,4.04222534711902e-05,1.13037219680869e-05,1.05421578513009e-05,17070132
"26826","2020/04/16",4,0,33,2,1.84827710221482e-05,7.89015812015385e-06,4.32960682732807e-05,1.35440578495594e-05,1.25481663122239e-05,17070132
"26825","2020/04/17",0,0,33,2,1.71727561305779e-05,7.27129706273878e-06,4.0557214287326e-05,1.35440578495594e-05,1.25481663122239e-05,17070132
"26824","2020/04/18",5,0,38,2,1.83272121889322e-05,7.65520918720264e-06,4.38768815331202e-05,1.15207998969009e-05,1.04077446492906e-05,17070132
"26823","2020/04/19",0,0,38,2,1.69813053089579e-05,7.0524949828493e-06,4.08883282720944e-05,1.15207998969009e-05,1.04077446492906e-05,17070132
"26822","2020/04/20",1,1,39,3,2.42195966172775e-05,1.38083376816823e-05,4.24807731260648e-05,1.21418151947798e-05,1.09701780920321e-05,17070132
"26821","2020/04/21",0,0,39,3,2.25330239044244e-05,1.27923846480371e-05,3.9690580001069e-05,1.21418151947798e-05,1.09701780920321e-05,17070132
"26820","2020/04/22",3,0,42,3,2.27179813361691e-05,1.28019893921085e-05,4.03145683208168e-05,1.37645281473633e-05,1.24171454792035e-05,17070132
"26819","2020/04/23",0,0,42,3,2.13871400064309e-05,1.20127307142268e-05,3.80770840982027e-05,1.37645281473633e-05,1.24171454792035e-05,17070132
"26818","2020/04/24",0,0,42,3,2.02148290575731e-05,1.13200810812071e-05,3.60986207515158e-05,9.29799049976426e-06,8.30209896242876e-06,17070132
"26817","2020/04/25",0,0,42,3,1.92061567964571e-05,1.06974785834139e-05,3.44825611020176e-05,9.29799049976426e-06,8.30209896242876e-06,17070132
"26816","2020/04/26",0,0,42,3,1.83529226911597e-05,1.01975981453207e-05,3.3030304441075e-05,9.29799049976426e-06,8.30209896242876e-06,17070132
"26815","2020/04/27",1,0,43,3,1.80555399596409e-05,1.00097845254703e-05,3.25683857034747e-05,7.3154356980835e-06,6.49528972616014e-06,17070132
"26814","2020/04/28",0,0,43,3,1.74293830782777e-05,9.64230747191493e-06,3.15052590237533e-05,5.07509981661099e-06,4.48928126523716e-06,17070132
"26813","2020/04/29",0,0,43,3,1.6883960571374e-05,9.32213114167072e-06,3.0579716187582e-05,5.07509981661099e-06,4.48928126523716e-06,17070132
"26812","2020/04/30",0,0,43,3,1.64105406343509e-05,9.04394038335731e-06,2.97774899541863e-05,2.6636245285936e-06,2.37071525290669e-06,17070132
"26811","2020/05/01",0,0,43,3,1.60013311931469e-05,8.80303149605415e-06,2.90857303041053e-05,2.6636245285936e-06,2.37071525290669e-06,17070132
"26810","2020/05/02",1,0,44,3,1.601179681796e-05,8.7942924414734e-06,2.91527304835318e-05,2.40651370385015e-06,2.11360442816323e-06,17070132
"26809","2020/05/03",0,0,44,3,1.56920777155099e-05,8.6052940279574e-06,2.86150946416939e-05,2.40651370385015e-06,2.11360442816323e-06,17070132
"26808","2020/05/04",0,0,44,3,1.54006926713898e-05,8.44550295213799e-06,2.8083743040852e-05,7.83800751266638e-07,6.66637040991873e-07,17070132
"26807","2020/05/05",0,0,44,3,1.51376566802524e-05,8.2890519791199e-06,2.76447355314475e-05,7.83800751266638e-07,6.66637040991873e-07,17070132
"26806","2020/05/06",0,0,44,3,1.49028589722735e-05,8.14911385931645e-06,2.72539087539639e-05,7.83800751266638e-07,6.66637040991873e-07,17070132
"26805","2020/05/07",1,0,45,3,1.50285304801404e-05,8.21783298417593e-06,2.74837330993964e-05,1.11776809526976e-06,9.42022529857609e-07,17070132
"26804","2020/05/08",0,0,45,3,1.48340335162882e-05,8.10075839386192e-06,2.71639443695909e-05,1.11776809526976e-06,9.42022529857609e-07,17070132
"26803","2020/05/09",2,0,47,3,1.53006434075748e-05,8.35557068003804e-06,2.8018396067795e-05,1.34896302597154e-06,1.11463560542201e-06,17070132
"26802","2020/05/10",0,0,47,3,1.51093782738922e-05,8.24076188936617e-06,2.77029375303458e-05,1.34896302597154e-06,1.11463560542201e-06,17070132
"26801","2020/05/11",0,0,47,3,1.49105194864651e-05,8.13230289872551e-06,2.73383313588946e-05,1.34896302597154e-06,1.11463560542201e-06,17070132
"26800","2020/05/12",0,0,47,3,1.47152052499864e-05,8.01619107823552e-06,2.70124880302742e-05,1.34896302597154e-06,1.11463560542201e-06,17070132
"26799","2020/05/13",0,0,47,3,1.45319384346441e-05,7.91635544664723e-06,2.66760678056371e-05,1.34896302597154e-06,1.11463560542201e-06,17070132
"26798","2020/05/14",1,0,48,3,1.46700742940318e-05,7.98251477345565e-06,2.69603108669536e-05,1.29068510062842e-06,1.05635768007889e-06,17070132
"26797","2020/05/15",0,0,48,3,1.45106000865008e-05,7.89573912446527e-06,2.66672329912643e-05,1.29068510062842e-06,1.05635768007889e-06,17070132
"26796","2020/05/16",2,0,50,3,1.4955028182292e-05,8.12874174831687e-06,2.75138360717951e-05,1.8888862279201e-06,1.5373950970958e-06,17070132
"26795","2020/05/17",1,0,51,3,1.50895562319339e-05,8.20186389560502e-06,2.77613369564333e-05,2.18475987952664e-06,1.77468689356496e-06,17070132
"26794","2020/05/18",7,0,58,3,1.69573359043804e-05,9.2075441528265e-06,3.12299605846274e-05,4.2313349024691e-06,3.41118893054575e-06,17070132
"26793","2020/05/19",0,0,58,3,1.67030590092413e-05,9.06947613599658e-06,3.07616642993175e-05,3.89736755846598e-06,3.13580344168001e-06,17070132
"26792","2020/05/20",0,0,58,3,1.63747178858479e-05,8.88239547886822e-06,3.0186832648806e-05,3.89736755846598e-06,3.13580344168001e-06,17070132
"26791","2020/05/21",0,0,58,3,1.60206585600788e-05,8.68211287858299e-06,2.95621013327018e-05,3.24627634963302e-06,2.60187594312181e-06,17070132
"26790","2020/05/22",0,0,58,3,1.56771321130494e-05,8.48824612810004e-06,2.89544468410716e-05,3.24627634963302e-06,2.60187594312181e-06,17070132
"26789","2020/05/23",1,1,59,4,2.0834814800119e-05,1.3270840912703e-05,3.27100227190385e-05,3.59940880387232e-06,2.89642654222373e-06,17070132
"26788","2020/05/24",11,0,70,4,2.42567900038196e-05,1.54376153257961e-05,3.81141678213864e-05,7.41119009018682e-06,6.06380742202702e-06,17070132
"26787","2020/05/25",16,0,86,4,2.91808165613653e-05,1.85565352726063e-05,4.58878795356313e-05,1.28401792178827e-05,1.05554868675248e-05,17070132
"26786","2020/05/26",20,0,106,4,3.48660290249645e-05,2.21384471927889e-05,5.49108060463083e-05,1.91130487125365e-05,1.57153011145683e-05,17070132
"26785","2020/05/27",15,0,121,4,3.79320098591433e-05,2.40516149922695e-05,5.98229005585116e-05,2.38153639843311e-05,1.95388885593022e-05,17070132
"26784","2020/05/28",0,0,121,4,3.54905000920031e-05,2.24472624656617e-05,5.61126595595918e-05,2.32171628570394e-05,1.90578511422853e-05,17070132
"26783","2020/05/29",0,0,121,4,3.2860455895606e-05,2.07281277004267e-05,5.20939265365892e-05,2.29212892054329e-05,1.88205593458161e-05,17070132
"26782","2020/05/30",1,0,122,4,3.06970088606851e-05,1.93275097456644e-05,4.87546696596215e-05,2.11263290092174e-05,1.73770902804249e-05,17070132
"26781","2020/05/31",0,0,122,4,2.86169089337913e-05,1.7981266992252e-05,4.55433689560239e-05,2.11263290092174e-05,1.73770902804249e-05,17070132
"26780","2020/06/01",0,0,122,4,2.68865518866012e-05,1.6864170518493e-05,4.2865237371633e-05,2.11263290092174e-05,1.73770902804249e-05,17070132
"26779","2020/06/02",1,1,123,5,3.20891096958953e-05,2.21718784219256e-05,4.64422067215076e-05,2.13872160799157e-05,1.75793954959858e-05,17070132
"26778","2020/06/03",0,1,123,6,3.67296841486162e-05,2.70608470223289e-05,4.98531955242916e-05,2.13872160799157e-05,1.75793954959858e-05,17070132
"26777","2020/06/04",0,0,123,6,3.52494155185702e-05,2.5943348575994e-05,4.78936360416694e-05,2.10340836256764e-05,1.72848448968839e-05,17070132
"26776","2020/06/05",1,0,124,6,3.42877713047028e-05,2.52174686949048e-05,4.66205103798202e-05,1.74988166240772e-05,1.43353964466586e-05,17070132
"26775","2020/06/06",0,0,124,6,3.32333835493756e-05,2.44255647167694e-05,4.52172874996681e-05,1.20698274963814e-05,9.84371700116083e-06,17070132
"26774","2020/06/07",0,0,124,6,3.23314699208666e-05,2.37476813109831e-05,4.40179373116503e-05,5.49133145393524e-06,4.43685806146235e-06,17070132
"26773","2020/06/08",17,0,141,6,3.58840018495683e-05,2.63464991105876e-05,4.88741059423097e-05,5.11545612145027e-06,3.94381901870261e-06,17070132
"26772","2020/06/09",3,0,144,6,3.5782315350534e-05,2.62568459410465e-05,4.87634384845704e-05,5.86092102458639e-06,4.51353835642659e-06,17070132
"26771","2020/06/10",2,0,146,6,3.53188839233721e-05,2.59073906879561e-05,4.81493322356287e-05,6.34474135230382e-06,4.88019497386925e-06,17070132
"26770","2020/06/11",6,0,152,6,3.57380417029719e-05,2.62012652963455e-05,4.87460284958643e-05,7.50383869806262e-06,5.74638304394114e-06,17070132
"26769","2020/06/12",12,0,164,6,3.74535474095197e-05,2.74411927424971e-05,5.11190685740392e-05,1.02443421670519e-05,7.78390425128179e-06,17070132
"26768","2020/06/13",0,0,164,6,3.6321701288607e-05,2.65997738104741e-05,4.95968873231289e-05,1.02443421670519e-05,7.78390425128179e-06,17070132
"26767","2020/06/14",6,0,170,6,3.64521024283162e-05,2.66799824875362e-05,4.98034723997737e-05,1.12699998879412e-05,8.51665269648418e-06,17070132
"26766","2020/06/15",7,0,177,6,3.67411471955083e-05,2.68771397851849e-05,5.02252809648332e-05,1.27230396075375e-05,9.55961943011887e-06,17070132
"26765","2020/06/16",0,0,177,6,3.55625974446664e-05,2.60019455140959e-05,4.86386042277409e-05,1.27230396075375e-05,9.55961943011887e-06,17070132
"26764","2020/06/17",0,0,177,6,3.44345017110752e-05,2.51652654958404e-05,4.71179176824514e-05,1.24465253228222e-05,9.34168700054091e-06,17070132
"26763","2020/06/18",1,1,178,7,3.91909617262125e-05,2.99963340850379e-05,5.12039730145415e-05,1.26666992651043e-05,9.50327908768562e-06,17070132
"26762","2020/06/19",9,0,187,7,4.00414745579008e-05,3.06345055748524e-05,5.23370511351478e-05,1.4593829056661e-05,1.09031721830059e-05,17070132
"26761","2020/06/20",0,0,187,7,3.90070802458027e-05,2.98342331564603e-05,5.10002151328303e-05,1.02673891173513e-05,7.57262378103175e-06,17070132
"26760","2020/06/21",11,0,198,7,4.02651131283767e-05,3.078478513744e-05,5.2664955366838e-05,1.17588749435695e-05,8.59545476615082e-06,17070132
"26759","2020/06/22",6,0,204,7,4.04585861946477e-05,3.09216337724601e-05,5.29369569834184e-05,1.24650130333417e-05,9.0672654353735e-06,17070132
"26758","2020/06/23",15,0,219,7,4.23244657508112e-05,3.233670894127e-05,5.53971155303733e-05,1.39532368711855e-05,1.00282525769809e-05,17070132
"26757","2020/06/24",12,0,231,7,4.34312619124872e-05,3.31716326412198e-05,5.68640841924415e-05,1.34689028521956e-05,9.54391855799095e-06,17070132
"26756","2020/06/25",0,0,231,7,4.21327114036664e-05,3.21675917500757e-05,5.51849011270936e-05,1.34689028521956e-05,9.54391855799095e-06,17070132
"26755","2020/06/26",11,0,242,7,4.27445483871643e-05,3.26230416347245e-05,5.60063171693297e-05,1.41252920782063e-05,9.90739850831478e-06,17070132
"26754","2020/06/27",13,1,255,8,4.9836375987324e-05,3.93745643605522e-05,6.30778882734309e-05,1.52129303501206e-05,1.06435456494048e-05,17070132
"26753","2020/06/28",1,1,256,9,5.44499666793151e-05,4.41902357943171e-05,6.70917187493214e-05,1.54256255324617e-05,1.07976589766084e-05,17070132
"26752","2020/06/29",0,0,256,9,5.26505575099024e-05,4.2714873736445e-05,6.48973288135548e-05,1.54256255324617e-05,1.07976589766084e-05,17070132
"26751","2020/06/30",13,0,269,9,5.3568361492435e-05,4.34451700835214e-05,6.60503652642532e-05,1.77942571641634e-05,1.24633083466616e-05,17070132
"26750","2020/07/01",10,0,279,9,5.38781014721007e-05,4.36828612161771e-05,6.64528315549752e-05,1.77982421207107e-05,1.24087114480715e-05,17070132
"26749","2020/07/02",14,0,293,9,5.48818943302631e-05,4.4483755268097e-05,6.77106127197481e-05,2.04205851945116e-05,1.42109085499491e-05,17070132
"26748","2020/07/03",19,0,312,9,5.66522612168413e-05,4.5906098093451e-05,6.99139947474449e-05,2.16336119110548e-05,1.49552804253931e-05,17070132
"26747","2020/07/04",16,1,328,10,6.40461920017247e-05,5.3024142973026e-05,7.73593778216929e-05,2.35678579814541e-05,1.63037079444187e-05,17070132
"26746","2020/07/05",10,0,338,10,6.37296719445899e-05,5.27451528666816e-05,7.70017881345573e-05,2.25544152239231e-05,1.55831744625746e-05,17070132
"26745","2020/07/06",20,3,358,13,8.45906142169047e-05,7.32252759706748e-05,9.7719973311659e-05,2.50239784117397e-05,1.75840828092921e-05,17070132
"26744","2020/07/07",14,1,372,14,9.11463910991263e-05,7.97297871984094e-05,0.000104197752211743,2.84542189369756e-05,2.01941773626047e-05,17070132
"26743","2020/07/08",0,0,372,14,8.76602867160368e-05,7.66582514125089e-05,0.000100241340306438,2.65112849193773e-05,1.88956437515175e-05,17070132
"26742","2020/07/09",0,0,372,14,8.43275704826006e-05,7.37219280438311e-05,9.64589414871253e-05,2.39706069278666e-05,1.71165298767928e-05,17070132
"26741","2020/07/10",0,0,372,14,8.13071257426387e-05,7.1061809103532e-05,9.30295580696199e-05,2.37579117455255e-05,1.69624165495892e-05,17070132
"26740","2020/07/11",22,2,394,16,9.52086864237384e-05,8.46611464705877e-05,0.000107070295506604,2.90741328148713e-05,2.09898368059125e-05,17070132
"26739","2020/07/12",0,0,394,16,9.23261668604193e-05,8.20801924821781e-05,0.000103851134230574,2.64853272408875e-05,1.91625953487147e-05,17070132
"26738","2020/07/13",0,0,394,16,8.96348916457321e-05,7.9671374074794e-05,0.000100844423654594,2.45542124927835e-05,1.78172991519845e-05,17070132
"26737","2020/07/14",23,3,417,19,0.000109581988685537,9.92865387856883e-05,0.000120945018238545,2.79759599220217e-05,2.07118098849863e-05,17070132
"26736","2020/07/15",22,2,439,21,0.000124195904859181,0.000113620005121572,0.000135756223274999,3.07499230385434e-05,2.33100274360958e-05,17070132
"26735","2020/07/16",19,1,458,22,0.000132130734552089,0.000121372074806321,0.000143843063086248,3.31071245691909e-05,2.54914834013311e-05,17070132
"26734","2020/07/17",19,0,477,22,0.000133735669442258,0.000122826245565797,0.000145614068058344,3.65486286317024e-05,2.84057507676062e-05,17070132
"26733","2020/07/18",19,3,496,25,0.00015331681216602,0.000142299108549359,0.000165187576593969,3.76959190405687e-05,2.96116230316099e-05,17070132
"26732","2020/07/19",0,0,496,25,0.000148533085417212,0.000137834675109672,0.00016006188171447,3.42656785153328e-05,2.70015284782973e-05,17070132
"26731","2020/07/20",0,0,496,25,0.000143850831867752,0.000133465440361464,0.000155044345360127,3.42656785153328e-05,2.70015284782973e-05,17070132
