"","date","cases","deaths","cum_cases","cum_deaths","p_cases","p_cases_low","p_cases_high","p_cases_active","p_cases_active_undetected","population"
"26931","2020/05/01",15,0,15,0,NA,NA,NA,1.60926542075907e-06,0,9321023
"26930","2020/05/02",0,0,15,0,0,NA,NA,1.60926542075907e-06,0,9321023
"26929","2020/05/03",17,0,32,0,0,0,NA,3.43309956428602e-06,0,9321023
"26928","2020/05/04",44,2,76,2,0.000536992540210283,0.000535978854278877,0.000538008143305322,0.000314323517580765,0.000306169906115586,9321023
"26927","2020/05/05",154,1,230,3,0.00112030043569811,0.000861030000538925,0.00145764150545256,0.00106443772235254,0.00103976231923424,9321023
"26926","2020/05/06",63,2,293,5,0.000991845669361825,0.000799398719646191,0.00123062222599908,0.00127770146695935,0.00124626714907386,9321023
"26925","2020/05/07",86,3,379,8,0.000944608341034486,0.000798137504621105,0.00111795888902065,0.00149204531215451,0.00145138453919,9321023
"26924","2020/05/08",82,4,461,12,0.000956980259091419,0.000847351406282986,0.00108079270241375,0.00166226739728574,0.00161280930668775,9321023
"26923","2020/05/09",61,0,522,12,0.000685142996397918,0.000597055681161234,0.000786226377747758,0.00174233200031309,0.00168632956367067,9321023
"26922","2020/05/10",90,8,612,20,0.000928323514893842,0.000856213636149328,0.0010065064511009,0.00187885016426806,0.00181319213510109,9321023
"26921","2020/05/11",0,0,612,20,0.000687347765863933,0.00063090404233651,0.000748841217577979,0.00187885016426806,0.00181319213510109,9321023
"26920","2020/05/12",49,1,661,21,0.000608050036255394,0.000558976702148601,0.000661431585912316,0.00192392497784827,0.00185301001497348,9321023
"26919","2020/05/13",68,2,729,23,0.000599524809978854,0.000554497740162998,0.000648208228359098,0.00197823846562169,0.00190163743159356,9321023
"26918","2020/05/14",72,0,801,23,0.000554764727375021,0.000512363392191072,0.000600675043201972,0.00202810495797001,0.00194377944992223,9321023
"26917","2020/05/15",106,6,907,29,0.000680786093423817,0.000639256500572167,0.000725013675393888,0.00210584377642067,0.00201196996020972,9321023
"26916","2020/05/16",211,4,1118,33,0.000831288174659166,0.000786328183742283,0.000878818848943426,0.0019518422715107,0.00184005196694864,9321023
"26915","2020/05/17",204,3,1322,36,0.000936489849817105,0.000889595416158589,0.000985856292512774,0.00134623935975155,0.00122908483712029,9321023
"26914","2020/05/18",202,3,1524,39,0.00101687465532005,0.000969383609980174,0.00106669233313468,0.00126775821381577,0.00113569116495214,9321023
"26913","2020/05/19",205,2,1729,41,0.00104994363821197,0.00100277930174657,0.00109932628396072,0.00117790161317437,0.00103306772530605,9321023
"26912","2020/05/20",0,0,1729,41,0.000907913685704161,0.000866692235844238,0.000951095702254633,0.00100767952804314,0.000871642957808307,9321023
"26911","2020/05/21",207,3,1936,44,0.000949758038217258,0.000909217517884727,0.00099210619396871,0.00102916446732518,0.000877464380328296,9321023
"26910","2020/05/22",204,0,2140,44,0.000924630643450837,0.000884864169847195,0.000966184252839559,0.000980788663773933,0.000816858159579275,9321023
"26909","2020/05/23",210,0,2350,44,0.000901199895342359,0.00086220188950832,0.000941961808768735,0.00106132142037899,0.00087486120029371,9321023
"26908","2020/05/24",201,0,2551,44,0.00087284143618364,0.000834872451392506,0.000912537204274024,0.00108502007942635,0.00088225263641071,9321023
"26907","2020/05/25",187,0,2738,44,0.000839576936848291,0.000802891384551783,0.000877938718050969,0.00108643877516958,0.000870904493149246,9321023
"26906","2020/05/26",362,2,3100,46,0.000894833786641536,0.000857243251922598,0.000934072684642759,0.00114106577661618,0.000894419029794502,9321023
"26905","2020/05/27",0,0,3100,46,0.000808301671402553,0.000774227475822985,0.000843875491886495,0.00106150312402199,0.000826228519507016,9321023
"26904","2020/05/28",0,0,3100,46,0.00073297616634978,0.000701984478441598,0.000765336096361448,0.000904614210915477,0.000691976606652512,9321023
"26903","2020/05/29",463,1,3563,47,0.000787656619461864,0.000754953633332932,0.000821776229413145,0.000862456275974939,0.000622032022113533,9321023
"26902","2020/05/30",0,0,3563,47,0.000725870590954705,0.000695668086287827,0.000757384340604835,0.000727673677303908,0.000508920864442058,9321023
"26901","2020/05/31",244,0,3807,47,0.00071739997104319,0.00068749374678156,0.000748607126773323,0.000649166362598988,0.000426229459643165,9321023
"26900","2020/06/01",0,0,3807,47,0.000666813590054216,0.000638970640836274,0.000695869787223799,0.000649166362598988,0.000426229459643165,9321023
"26899","2020/06/02",123,0,3930,47,0.000642989771168218,0.000616103480916693,0.000671049358805458,0.000567740927631508,0.000353815911031935,9321023
"26898","2020/06/03",83,0,4013,47,0.000616958034025191,0.000591128814006996,0.000643915855104509,0.000492358975108195,0.000291415366236078,9321023
"26897","2020/06/04",87,0,4100,47,0.000595489664474861,0.000570533236275579,0.000621537743902968,0.000424462218700526,0.000236714586278634,9321023
"26896","2020/06/05",189,1,4289,48,0.000603954386252389,0.000579123336589579,0.000629850115903727,0.000382302730452004,0.000195842510366719,9321023
"26895","2020/06/06",81,0,4370,48,0.000586354135964182,0.000562227116562949,0.000611516525321859,0.000335829630487842,0.000160741552709255,9321023
"26894","2020/06/07",83,0,4453,48,0.000570864622344303,0.000547357730058928,0.000595381044512186,0.000241976550718208,9.68208097657399e-05,9321023
"26893","2020/06/08",76,0,4529,48,0.000556286132347628,0.000533364536009488,0.000580192795264472,0.000251311447176239,9.8002094758591e-05,9321023
"26892","2020/06/09",80,0,4609,48,0.000543941319972719,0.000521515193040618,0.000567331812230865,0.000260752823960317,9.88607226319543e-05,9321023
"26891","2020/06/10",81,0,4690,48,0.00053327797626586,0.000511279899960922,0.000556222530930606,0.000167609597248046,4.67001219683481e-05,9321023
"26890","2020/06/11",73,0,4763,48,0.000523088952648865,0.00050150095626666,0.000545606242548808,0.000175626706956921,4.68854732961947e-05,9321023
"26889","2020/06/12",71,1,4834,49,0.000524618048397074,0.000503376994802832,0.000546755413031454,0.000137352172523096,2.71711333817918e-05,9321023
"26888","2020/06/13",68,0,4902,49,0.000516045425259697,0.000495143137600798,0.000537830095397919,0.000144647509097204,2.71711333817918e-05,9321023
"26887","2020/06/14",69,1,4971,50,0.000518951582456519,0.000498322547154658,0.000540434596973077,0.00013192602269079,2.02430024901101e-05,9321023
"26886","2020/06/15",64,0,5035,50,0.000511704748678809,0.000491356886795149,0.000532895247542562,0.000126031813938951,1.63871966045656e-05,9321023
"26885","2020/06/16",62,0,5097,50,0.000505061789924143,0.000484971876289576,0.000525983926311362,0.000120047444147361,1.30849358475749e-05,9321023
"26884","2020/06/17",63,0,5160,50,0.000499239069835061,0.000479375104576673,0.000519926142326219,0.00010019237453551,6.74769577009946e-06,9321023
"26883","2020/06/18",61,1,5221,51,0.00050374120379101,0.000484064802547358,0.000524217416886018,9.58683716066808e-05,4.56938006894933e-06,9321023
"26882","2020/06/19",58,0,5279,51,0.000498553983697564,0.000479075353275194,0.000518824591917451,9.1450450541668e-05,2.83356803853501e-06,9321023
"26881","2020/06/20",59,0,5338,51,0.000493985925424746,0.000474681321151088,0.000514075620093912,8.84453314052899e-05,1.6522830456839e-06,9321023
"26880","2020/06/21",61,1,5399,52,0.000499676054780683,0.000480499849299294,0.000519617560932199,8.55483006656317e-05,7.9365517232052e-07,9321023
"26879","2020/06/22",58,0,5457,52,0.000495817428028767,0.000476785411008749,0.000515609153008565,8.25606622660846e-05,2.73557084604023e-07,9321023
"26878","2020/06/23",56,0,5513,52,0.000492146325323869,0.000473251541288864,0.000511795492245314,8.05514767947111e-05,8.82057567574559e-08,9321023
"26877","2020/06/24",54,0,5567,52,0.000488634740586565,0.000469871376079013,0.000508147382163475,7.86394368944268e-05,5.03118816037323e-20,9321023
"26876","2020/06/25",63,0,5630,52,0.000486213950048418,0.000467540355174883,0.000505633369622732,7.81030150875071e-05,5.03118816037323e-20,9321023
"26875","2020/06/26",61,0,5691,52,0.000483873787200079,0.000465287036976112,0.000503203019497335,7.72447401964356e-05,5.03118816037323e-20,9321023
"26874","2020/06/27",56,0,5747,52,0.000481321052816969,0.000462829513569352,0.000500551388994603,7.63864653053641e-05,5.03118816037323e-20,9321023
"26873","2020/06/28",52,0,5799,52,0.000478629570777775,0.000460238724748223,0.000497755303290137,7.53136216915247e-05,5.03118816037323e-20,9321023
"26872","2020/06/29",50,0,5849,52,0.000475971223829027,0.0004576799414533,0.000494993521441923,7.39189249935335e-05,5.03118816037323e-20,9321023
"26871","2020/06/30",51,0,5900,52,0.000473595628027265,0.000455393212372257,0.000492525608184062,7.28460813796941e-05,5.03118816037323e-20,9321023
"26870","2020/07/01",54,0,5954,52,0.000471653724345819,0.00045352362730163,0.000490508591609341,7.24169439341584e-05,5.03118816037323e-20,9321023
"26869","2020/07/02",51,0,6005,52,0.000469649483488082,0.000451594213593708,0.000488426624392195,7.15586690430868e-05,5.03118816037323e-20,9321023
"26868","2020/07/03",53,0,6058,52,0.000467957491314428,0.000449965181908244,0.000486669241270202,7.07003941520153e-05,5.03118816037323e-20,9321023
"26867","2020/07/04",50,0,6108,52,0.00046617482660462,0.000448249029653896,0.000484817488902641,6.98421192609438e-05,5.03118816037323e-20,9321023
"26866","2020/07/05",51,0,6159,52,0.000464597612638557,0.000446730551808153,0.000483179269462957,6.93056974540241e-05,5.03118816037323e-20,9321023
"26865","2020/07/06",54,1,6213,53,0.000472274396864624,0.000454433276881259,0.000490815961948412,6.93056974540241e-05,5.03118816037323e-20,9321023
"26864","2020/07/07",49,0,6262,53,0.000470742226930663,0.000452957194987205,0.00048922557510517,6.7803716394649e-05,5.03118816037323e-20,9321023
"26863","2020/07/08",53,0,6315,53,0.00046960490693872,0.000451861094181959,0.000488045488891149,6.69454415035775e-05,5.03118816037323e-20,9321023
"26862","2020/07/09",49,1,6364,54,0.000477092576362264,0.000459378625735657,0.000495489588910396,6.61944509738899e-05,5.03118816037323e-20,9321023
"26861","2020/07/10",46,0,6410,54,0.000475580906259752,0.000457921439418239,0.000493921399893814,6.55507448055863e-05,5.03118816037323e-20,9321023
"26860","2020/07/11",47,1,6457,55,0.00048301559787137,0.000465385449959952,0.000501313626816468,6.52288917214345e-05,5.03118816037323e-20,9321023
"26859","2020/07/12",49,0,6506,55,0.000481885787467095,0.000464295305892968,0.000500142709209973,6.50143229986666e-05,5.03118816037323e-20,9321023
"26858","2020/07/13",46,0,6552,55,0.000480621580036056,0.000463075735930595,0.000498832232555101,6.41560481075951e-05,5.03118816037323e-20,9321023
"26857","2020/07/14",43,0,6595,55,0.000479221731902829,0.000461725540216342,0.000497380907758195,6.32977732165236e-05,5.03118816037323e-20,9321023
"26856","2020/07/15",48,1,6643,56,0.000486965218370344,0.000469483534969619,0.000505097849529104,6.27613514096039e-05,5.03118816037323e-20,9321023
"26855","2020/07/16",52,0,6695,56,0.000486365904729272,0.000468904341868332,0.000504477719998478,6.29759201323718e-05,5.03118816037323e-20,9321023
"26854","2020/07/17",46,0,6741,56,0.000485390602616656,0.000467962713534972,0.000503467541951829,6.24394983254521e-05,5.03118816037323e-20,9321023
"26853","2020/07/18",45,0,6786,56,0.000484393353112305,0.000466999954553551,0.000502434568251068,6.14739390729966e-05,5.03118816037323e-20,9321023
"26852","2020/07/19",48,1,6834,57,0.000492297716281258,0.000474910723977224,0.00051032126507079,6.13666547116127e-05,5.03118816037323e-20,9321023
"26851","2020/07/20",44,0,6878,57,0.000491315505467786,0.000473961936863426,0.000509304454932683,6.04010954591573e-05,5.03118816037323e-20,9321023
