"","date","cases","deaths","cum_cases","cum_deaths","p_cases","p_cases_low","p_cases_high","p_cases_active","p_cases_active_undetected","population"
"28138","2020/03/04",1,0,1,0,NA,NA,NA,2.27305567761233e-08,0,43993643
"28137","2020/03/13",2,0,3,0,0,NA,NA,6.81916703283699e-08,0,43993643
"28136","2020/03/16",0,0,3,0,0,NA,NA,6.81916703283699e-08,0,43993643
"28135","2020/03/17",2,0,5,0,0,NA,NA,1.13652783880617e-07,0,43993643
"28134","2020/03/18",9,0,14,0,0,NA,NA,3.18227794865726e-07,0,43993643
"28133","2020/03/19",5,2,19,2,0,NA,NA,4.31880578746343e-07,0,43993643
"28132","2020/03/20",7,0,26,2,0,NA,NA,5.90994476179206e-07,0,43993643
"28131","2020/03/21",0,1,26,3,4.15540158336809e-05,4.14755739223137e-05,4.16326061006434e-05,5.90994476179206e-07,0,43993643
"28130","2020/03/22",15,0,41,3,4.26481699263106e-05,3.27781304054859e-05,5.54902422915205e-05,1.61939834736099e-05,1.52620306457889e-05,43993643
"28129","2020/03/23",6,0,47,3,3.42283448298719e-05,2.35195330655302e-05,4.98130463104162e-05,2.05635594093383e-05,1.94952232408605e-05,43993643
"28128","2020/03/24",26,0,73,3,3.84691935771238e-05,2.48389430320386e-05,5.95789785646432e-05,3.42649160258481e-05,3.26055853811911e-05,43993643
"28127","2020/03/25",11,0,84,3,3.25466630230355e-05,1.96528280455051e-05,5.38998902082848e-05,3.85269790407694e-05,3.66176122715751e-05,43993643
"28126","2020/03/26",29,1,113,4,4.32485838315e-05,2.96769043866211e-05,6.30267894205811e-05,4.96034425646437e-05,4.70576202057179e-05,43993643
"28125","2020/03/27",43,1,156,5,5.61780378134689e-05,4.1258361369185e-05,7.64929053854444e-05,6.50429534124964e-05,6.15651782257495e-05,43993643
"28124","2020/03/28",62,0,218,5,5.92377492833196e-05,4.26489577060474e-05,8.2278937842738e-05,8.18903866949084e-05,7.70033169880419e-05,43993643
"28123","2020/03/29",93,3,311,8,0.000101269075830257,8.30872780440058e-05,0.000123429554571311,0.000112127961119021,0.000105172410745528,43993643
"28122","2020/03/30",107,1,418,9,0.000113232267455531,9.41990659296307e-05,0.00013611118397606,0.000140908679451916,0.000131725534514362,43993643
"28121","2020/03/31",62,2,480,11,0.000116473162022122,9.98553760044717e-05,0.000135856455748801,0.00015583947676256,0.000145360690088767,43993643
"28120","2020/04/01",69,2,549,13,0.000116792579144287,0.00010222198274436,0.000133440050534797,0.000170359211610037,0.000158471130416125,43993643
"28119","2020/04/02",245,7,794,20,0.000198678591265735,0.000182481243263629,0.000216313643645613,0.000231664318486744,0.000214207250882681,43993643
"28118","2020/04/03",10,0,804,20,0.000156206322514053,0.000142996139287028,0.000170636880932755,0.000218004194197199,0.000200660779377017,43993643
"28117","2020/04/04",183,3,987,23,0.000173352346692229,0.000160339493007423,0.000187421299269742,0.000245775934821428,0.000224409211451873,43993643
"28116","2020/04/05",109,5,1096,28,0.000188489394593132,0.000176702173992171,0.000201062901895365,0.000250820330039455,0.00022756697045748,43993643
"28115","2020/04/06",155,4,1251,32,0.000201225038104146,0.000190044829792472,0.000213062970480342,0.000271490226182121,0.000244963666424385,43993643
"28114","2020/04/07",68,6,1319,38,0.000209588748841765,0.000199667493447826,0.000220002980367633,0.000271196213997786,0.000243783162525782,43993643
"28113","2020/04/08",143,7,1462,45,0.000232624241977053,0.0002232261573195,0.000242417997089589,0.000278464502366558,0.000248778395216941,43993643
"28112","2020/04/09",206,7,1668,52,0.000263627904138412,0.000254314855994364,0.000273281997501365,0.000294175431345845,0.000261216124020466,43993643
"28111","2020/04/10",224,5,1892,57,0.000284872211400858,0.000275587798566359,0.00029446941138388,0.00029761933838418,0.000261682328121129,43993643
"28110","2020/04/11",311,12,2203,69,0.000350982225247006,0.000341445897150749,0.000360784895842377,0.000318182602485519,0.000277608558640139,43993643
"28109","2020/04/12",308,4,2511,73,0.000370709699988011,0.000361075952284105,0.000380600482518621,0.000348609513440898,0.000302443752628592,43993643
"28108","2020/04/13",266,10,2777,83,0.000408175665752646,0.000398736664634649,0.000417838109433135,0.000373028513846223,0.000322384833349021,43993643
"28107","2020/04/14",325,10,3102,93,0.000447833022306964,0.000438475087158277,0.000457390674504148,0.000358643372233786,0.000306181247194494,43993643
"28106","2020/04/15",270,5,3372,98,0.000451031741205236,0.000441983293547499,0.000460265432075125,0.000392815148725607,0.000334443078924523,43993643
"28105","2020/04/16",789,18,4161,116,0.000581691232736402,0.000571684651294315,0.000591872966112217,0.000470972890716244,0.000398826103508828,43993643
"28104","2020/04/17",301,9,4462,125,0.000593891170549432,0.000584287737592792,0.000603652446840134,0.000492290169436477,0.000415779115328046,43993643
"28103","2020/04/18",644,8,5106,133,0.000637630091123864,0.00062781744464233,0.000647596107078951,0.00054778002357379,0.000460153727201835,43993643
"28102","2020/04/19",343,8,5449,141,0.000636863313412262,0.000627504763919793,0.000646361435468382,0.000577063686694984,0.000483186487209595,43993643
"28101","2020/04/20",261,10,5710,151,0.000632643248959086,0.000623850091052827,0.000641560346297387,0.000583228095012499,0.000486668689827527,43993643
"28100","2020/04/21",415,10,6125,161,0.000644876966177391,0.000636366228441385,0.000653501526196185,0.000594363437397922,0.00049305334584674,43993643
"28099","2020/04/22",467,13,6592,174,0.000674116815286267,0.000665773020132084,0.000682565178987791,0.000608393253429125,0.000501559636581346,43993643
"28098","2020/04/23",578,13,7170,187,0.000713163981843009,0.000704841867431229,0.000721584356008477,0.000616335460489521,0.000503432784982516,43993643
"28097","2020/04/24",477,6,7647,193,0.000714032068307207,0.00070588939795699,0.000722268667083923,0.000615403565450149,0.00049865942584798,43993643
"28096","2020/04/25",478,8,8125,201,0.000721402731393799,0.00071342864685881,0.000729465943306069,0.000618746393912989,0.000497183376274282,43993643
"28095","2020/04/26",492,8,8617,209,0.000729158911028811,0.000721336699967361,0.000737065946536171,0.000613458804675896,0.000488099784055576,43993643
"28094","2020/04/27",392,11,9009,220,0.000738371342774366,0.000730764777932253,0.000746057084706624,0.000609472209471033,0.000481340060924025,43993643
"28093","2020/04/28",0,0,9009,220,0.000682208954950633,0.000675158194374328,0.000689333347492186,0.000499173150920439,0.000388975411669793,43993643
"28092","2020/04/29",401,19,9410,239,0.000719316735400545,0.000712366150143717,0.000726335137798043,0.000489763256486352,0.000377292461558094,43993643
"28091","2020/04/30",456,11,9866,250,0.000737891648173153,0.000731007322965801,0.000744840807113454,0.000443446307530286,0.000335248857275939,43993643
"28090","2020/05/01",540,0,10406,250,0.00073156243333074,0.000724721697302595,0.000738467739896212,0.000441320533241069,0.000328645163301825,43993643
"28089","2020/05/02",455,29,10861,279,0.000803516875253876,0.000796637004241491,0.000810456161815496,0.000446064606444082,0.000328979508490271,43993643
"28088","2020/05/03",550,0,11411,279,0.000797735431560452,0.000790891321235236,0.000804638768539048,0.000440821036522949,0.000320667313404361,43993643
"28087","2020/05/04",502,9,11913,288,0.000813720055440017,0.000806903080860497,0.000820594621994981,0.000427353497073883,0.00030640420446813,43993643
"28086","2020/05/05",418,15,12331,303,0.00083985655871068,0.00083308896793645,0.00084667912594799,0.000398332446422867,0.000281020042901295,43993643
"28085","2020/05/06",366,13,12697,316,0.000856049273908387,0.000849365668333762,0.000862785472359251,0.000378469205839638,0.000263679894120216,43993643
"28084","2020/05/07",487,11,13184,327,0.000874769637013956,0.00086811017923409,0.000881480180910519,0.000368341393307403,0.000253347506576995,43993643
"28083","2020/05/08",507,13,13691,340,0.000900111378104568,0.000893453607205857,0.000906818760883495,0.000360041605747032,0.000244706760664982,43993643
"28082","2020/05/09",504,21,14195,361,0.000945906454109645,0.000939215055556213,0.000952645525253434,0.000361498403209127,0.000243617735768152,43993643
"28081","2020/05/10",515,15,14710,376,0.000975965981942851,0.00096926246245048,0.000982715863669731,0.000395667164643564,0.000266080260462885,43993643
"28080","2020/05/11",522,15,15232,391,0.00100582638164496,0.000999108554090876,0.00101258937867223,0.000399483656360242,0.000267146354809652,43993643
"28079","2020/05/12",416,17,15648,408,0.00103308949790034,0.00102639530846041,0.00103982734709971,0.000392843339000352,0.000261415259720807,43993643
"28078","2020/05/13",375,17,16023,425,0.00105704221254354,0.00105038640165642,0.00106374019821367,0.000379619133010488,0.000251941595599003,43993643
"28077","2020/05/14",402,14,16425,439,0.00107527057054149,0.00106864938412202,0.00108193278080869,0.000372274515626003,0.000245801697723653,43993643
"28076","2020/05/15",422,17,16847,456,0.00110243346383042,0.00109582006261597,0.00110908677768847,0.000361439203820205,0.000237875897185199,43993643
"28075","2020/05/16",483,27,17330,483,0.00115780302773747,0.00115112692629721,0.00116451784804479,0.000359418816883487,0.000236287390827227,43993643
"28074","2020/05/17",528,14,17858,497,0.00118498381756864,0.00117827892384257,0.00119172686490925,0.000365985022822607,0.000240353235520974,43993643
"28073","2020/05/18",433,17,18291,514,0.00121288956407377,0.00120617762020252,0.00121963885749435,0.000370021343524217,0.000242866608918583,43993643
"28072","2020/05/19",325,21,18616,535,0.0012426375512518,0.00123593972980806,0.00124937166962088,0.000359402569771097,0.000235930185363195,43993643
"28071","2020/05/20",260,13,18876,548,0.00124951842892715,0.00124288566049137,0.00125618659371395,0.000343280978947917,0.000225423042063718,43993643
"28070","2020/05/21",354,16,19230,564,0.00127019508493225,0.00126357523498055,0.00127684961616938,0.000333078821921867,0.000218630468554087,43993643
"28069","2020/05/22",476,15,19706,579,0.00129754210008548,0.00129089072429562,0.00130422774740512,0.000330252293291687,0.000216690431638175,43993643
"28068","2020/05/23",442,9,20148,588,0.00130990294333626,0.00130325083934065,0.00131658900126172,0.000324518872569407,0.000212775455457985,43993643
"28067","2020/05/24",432,17,20580,605,0.00133968914234226,0.00133300591485686,0.00134640587720307,0.000325176080181903,0.000213068974162062,43993643
"28066","2020/05/25",406,12,20986,617,0.00135674305374865,0.00135005528215229,0.00136346395457276,0.00032668507972547,0.00021387332644557,43993643
"28065","2020/05/26",259,6,21245,623,0.00135141172229268,0.00134478708985825,0.00135806898870704,0.000316843155827562,0.000207281872166647,43993643
"28064","2020/05/27",339,21,21584,644,0.00138408314474663,0.00137743551185723,0.00139076285973545,0.000310966851535481,0.000203292204086985,43993643
"28063","2020/05/28",0,0,21584,644,0.00135109535680823,0.00134460236325095,0.00135761970459073,0.000278698019314062,0.000182002230788433,43993643
"28062","2020/05/29",798,25,22382,669,0.00142252400725746,0.0014158450634107,0.00142923445758192,0.00029438027295397,0.000191547234098788,43993643
"28061","2020/05/30",822,27,23204,696,0.00150119043953997,0.00149430832922718,0.00150810424574941,0.0003188472881637,0.000207172062722606,43993643
"28060","2020/05/31",0,0,23204,696,0.0014686808619467,0.00146194428988517,0.00147544847582253,0.00029715319683598,0.000192865402347126,43993643
"28059","2020/06/01",468,12,23672,708,0.00149090237564913,0.00148413120989364,0.00149770443401396,0.000309417626355408,0.000200401876057121,43993643
"28058","2020/06/02",668,19,24340,727,0.0015405766713358,0.00153368740319811,0.00154749688581586,0.000328315351446799,0.000212162206320809,43993643
"28057","2020/06/03",483,8,24823,735,0.00155502389958459,0.00154811207534785,0.00156196658290126,0.000327230401948321,0.000210918142924898,43993643
"28056","2020/06/04",588,12,25411,747,0.00158376894647799,0.00157679353096429,0.00159077521981843,0.000335141951337474,0.000215511031024737,43993643
"28055","2020/06/05",553,15,25964,762,0.00161584917407635,0.00160881218683775,0.00162291694128405,0.000341435717977901,0.000219054400295253,43993643
"28054","2020/06/06",550,15,26514,777,0.0016468213045595,0.00163972747509226,0.00165394582352685,0.000349349116331031,0.000223694598472622,43993643
"28053","2020/06/07",0,0,26514,777,0.00161172090227716,0.00160477501547891,0.00161869685269364,0.000332873915762719,0.000213106612109325,43993643
"28052","2020/06/08",485,11,26999,788,0.0016295816804307,0.00162261279559457,0.00163658049560881,0.000340408596697886,0.000217322631755178,43993643
"28051","2020/06/09",463,9,27462,797,0.00164277524628962,0.00163579288802935,0.00164978740864504,0.000368105229828469,0.000234495017098417,43993643
"28050","2020/06/10",394,13,27856,810,0.00166060361705998,0.00165360787651216,0.00166762895373305,0.000340874916285768,0.000216447848493269,43993643
"28049","2020/06/11",525,23,28381,833,0.00170699916789204,0.00169991872546277,0.00171410910153419,0.000319271922479747,0.000201595830049756,43993643
"28048","2020/06/12",689,21,29070,854,0.0017592876863674,0.00175208893721797,0.00176651601277642,0.000360969521926157,0.000227632075877417,43993643
"28047","2020/06/13",683,16,29753,870,0.00180055052045753,0.00179325582812823,0.00180787488648723,0.000372826935332878,0.000234602419577272,43993643
"28046","2020/06/14",753,10,30506,880,0.00183254524392947,0.00182516484327988,0.00183995548863066,0.00037578046364797,0.000235623850566394,43993643
"28045","2020/06/15",648,9,31154,889,0.0018546450492074,0.00184721443993203,0.00186210554886963,0.000384099606864833,0.000240192451915196,43993643
"28044","2020/06/16",656,12,31810,901,0.00188191112753015,0.00187442341069888,0.00188942875537461,0.000386261460535381,0.000240808627724968,43993643
"28043","2020/06/17",666,11,32476,912,0.00190629940430579,0.00189876153163355,0.00191386720149645,0.000390939282180335,0.00024291789645422,43993643
"28042","2020/06/18",758,31,33234,943,0.00197677152667948,0.00196909109053561,0.00198448192035026,0.000401864160762728,0.00024911481922718,43993643
"28041","2020/06/19",829,23,34063,966,0.00203361669693823,0.0020258125784944,0.00204145087949824,0.000451356813839727,0.000279763840736772,43993643
"28040","2020/06/20",921,19,34984,985,0.00208616289234368,0.0020782353432966,0.0020941206814856,0.000477004607411842,0.000295501111554497,43993643
"28039","2020/06/21",841,9,35825,994,0.00211096900419678,0.00210298192202914,0.00211898642113852,0.000498863450416066,0.000308767804097347,43993643
"28038","2020/06/22",735,8,36560,1002,0.00212549284454238,0.00211748097285549,0.00213353503059277,0.000518106368444687,0.00032025960226531,43993643
"28037","2020/06/23",681,10,37241,1012,0.00213961239278527,0.00213158533434477,0.00214766967927538,0.000525655389362612,0.000324262656326159,43993643
"28036","2020/06/24",1773,39,39014,1051,0.00227762117209487,0.00226923612607323,0.00228603720166906,0.000587464796071023,0.000361432139489253,43993643
"28035","2020/06/25",0,0,39014,1051,0.00222757841764758,0.00221937438128097,0.00223581278067439,0.000546131955501249,0.000335624269197571,43993643
"28034","2020/06/26",994,16,40008,1067,0.0022670810076851,0.00225879137428388,0.00227540106356035,0.00055722371356527,0.000341237963078547,43993643
"28033","2020/06/27",1109,19,41117,1086,0.00231883624120114,0.00231042837834696,0.00232727470104696,0.000581190502537242,0.000354725965376726,43993643
"28032","2020/06/28",948,24,42065,1110,0.00237115952590153,0.00236265091150271,0.00237969878237221,0.000595818648942865,0.00036271678920372,43993643
"28031","2020/06/29",917,19,42982,1129,0.00240959124235263,0.00240101284485505,0.00241820028895888,0.000608132759633522,0.00036932553014357,43993643
"28030","2020/06/30",646,18,43628,1147,0.00242941651891238,0.00242083030646904,0.00243803318497485,0.000599019000171237,0.000362757593040211,43993643
"28029","2020/07/01",1370,26,44998,1173,0.00250572543732216,0.00249696090565882,0.00251452073318973,0.000625815156577579,0.000377256518230671,43993643
"28028","2020/07/02",0,0,44998,1173,0.00245053241689489,0.0024419579028453,0.00245913703887186,0.000570894163442188,0.000343270367886089,43993643
"28027","2020/07/03",889,12,45887,1185,0.00246960389561603,0.00246100133365226,0.00247823652829588,0.000569183999992948,0.000340469137711595,43993643
"28026","2020/07/04",1790,42,47677,1227,0.00260117509522347,0.002592258043034,0.00261012282098726,0.00062411254250988,0.000371416942829717,43993643
"28025","2020/07/05",0,0,47677,1227,0.0025472291723314,0.00253849426774324,0.00255599413353979,0.000584986954059334,0.000347770863543711,43993643
"28024","2020/07/06",1366,35,49043,1262,0.00263910991635894,0.00263017362908289,0.00264807656559641,0.000554987362739378,0.000327022608831638,43993643
"28023","2020/07/07",564,21,49607,1283,0.00265867373096967,0.00264973582179589,0.00266764178889252,0.000585214790003008,0.000344430002073534,43993643
"28022","2020/07/08",807,23,50414,1306,0.00269507289570089,0.00268608220080106,0.00270409368372101,0.000572030358948732,0.000335496185136393,43993643
"28021","2020/07/09",810,21,51224,1327,0.0027276335114079,0.00271859615419601,0.00273670091126709,0.000552618939960451,0.000322881202624172,43993643
"28020","2020/07/10",819,18,52043,1345,0.00275474335985127,0.00274566792843494,0.00276384878887021,0.000542532543057972,0.000315727047545813,43993643
"28019","2020/07/11",0,0,52043,1345,0.00270278918973533,0.0026938825423207,0.00271172528474722,0.000491125089490493,0.00028516351454204,43993643
"28018","2020/07/12",800,27,52843,1372,0.00274845305121707,0.0027394721942546,0.00275746335027132,0.000496762049388337,0.000287299968696361,43993643
"28017","2020/07/13",1290,26,54133,1398,0.00281928577383064,0.00281014593083318,0.00282845534365798,0.000487657372471851,0.000280013736321964,43993643
"28016","2020/07/14",638,14,54771,1412,0.00283265407387465,0.00282350803699386,0.00284182973701806,0.000520653543787548,0.000298507812414494,43993643
"28015","2020/07/15",0,0,54771,1412,0.00278544439853282,0.00277644877532968,0.00279446916732565,0.00047280823110198,0.0002708699647029,43993643
"28014","2020/07/16",836,15,55607,1427,0.00281169622045393,0.00280265476455599,0.0028207668443842,0.000417420172202708,0.00023716685696805,43993643
"28013","2020/07/17",848,18,56455,1445,0.00284583593401861,0.00283673137927541,0.00285496971004009,0.000460166941701384,0.000260638114320574,43993643
"28012","2020/07/18",809,11,57264,1456,0.00286490902357867,0.0028557709330699,0.00287407635477239,0.000427133671181886,0.000240265763925376,43993643
"28011","2020/07/19",847,21,58111,1477,0.00290563775802206,0.00289642344252077,0.00291488138678222,0.000439257523040017,0.000245956868215864,43993643
"28010","2020/07/20",731,8,58842,1485,0.00291478766060823,0.00290556338443541,0.00292404122104012,0.000432326952292702,0.000240753819783535,43993643
