"","date","cases","deaths","cum_cases","cum_deaths","p_cases","p_cases_low","p_cases_high","p_cases_active","p_cases_active_undetected","population"
"29566","2019/12/31",0,0,0,0,NA,NA,NA,0,0,96462108
"29565","2020/01/01",0,0,0,0,NA,NA,NA,0,0,96462108
"29564","2020/01/02",0,0,0,0,NA,NA,NA,0,0,96462108
"29563","2020/01/03",0,0,0,0,NA,NA,NA,0,0,96462108
"29562","2020/01/04",0,0,0,0,NA,NA,NA,0,0,96462108
"29561","2020/01/05",0,0,0,0,NA,NA,NA,0,0,96462108
"29560","2020/01/06",0,0,0,0,NA,NA,NA,0,0,96462108
"29559","2020/01/07",0,0,0,0,NA,NA,NA,0,0,96462108
"29558","2020/01/08",0,0,0,0,NA,NA,NA,0,0,96462108
"29557","2020/01/09",0,0,0,0,NA,NA,NA,0,0,96462108
"29556","2020/01/10",0,0,0,0,NA,NA,NA,0,0,96462108
"29555","2020/01/11",0,0,0,0,NA,NA,NA,0,0,96462108
"29554","2020/01/12",0,0,0,0,NA,NA,NA,0,0,96462108
"29553","2020/01/13",0,0,0,0,NA,NA,NA,0,0,96462108
"29552","2020/01/14",0,0,0,0,NA,NA,NA,0,0,96462108
"29551","2020/01/15",0,0,0,0,NA,NA,NA,0,0,96462108
"29550","2020/01/16",0,0,0,0,NA,NA,NA,0,0,96462108
"29549","2020/01/17",0,0,0,0,NA,NA,NA,0,0,96462108
"29548","2020/01/18",0,0,0,0,NA,NA,NA,0,0,96462108
"29547","2020/01/19",0,0,0,0,NA,NA,NA,0,0,96462108
"29546","2020/01/20",0,0,0,0,NA,NA,NA,0,0,96462108
"29545","2020/01/21",0,0,0,0,NA,NA,NA,0,0,96462108
"29544","2020/01/22",0,0,0,0,NA,NA,NA,0,0,96462108
"29543","2020/01/23",0,0,0,0,NA,NA,NA,0,0,96462108
"29542","2020/01/24",2,0,2,0,NA,NA,NA,2.07335298954902e-08,0,96462108
"29541","2020/01/25",0,0,2,0,0,NA,NA,2.07335298954902e-08,0,96462108
"29540","2020/01/26",0,0,2,0,0,NA,NA,2.07335298954902e-08,0,96462108
"29539","2020/01/27",0,0,2,0,0,NA,NA,2.07335298954902e-08,0,96462108
"29538","2020/01/28",0,0,2,0,0,NA,NA,2.07335298954902e-08,0,96462108
"29537","2020/01/29",0,0,2,0,0,0,NA,2.07335298954902e-08,0,96462108
"29536","2020/01/30",0,0,2,0,0,0,NA,2.07335298954902e-08,0,96462108
"29535","2020/01/31",3,0,5,0,0,0,NA,5.18338247387254e-08,0,96462108
"29534","2020/02/01",0,0,5,0,0,0,NA,5.18338247387254e-08,0,96462108
"29533","2020/02/02",2,0,7,0,0,0,NA,7.25673546342155e-08,0,96462108
"29532","2020/02/03",1,0,8,0,0,0,NA,8.29341195819606e-08,0,96462108
"29531","2020/02/04",1,0,9,0,0,0,NA,9.33008845297057e-08,0,96462108
"29530","2020/02/05",1,0,10,0,0,0,NA,8.29341195819606e-08,0,96462108
"29529","2020/02/06",0,0,10,0,0,0,NA,8.29341195819606e-08,0,96462108
"29528","2020/02/07",2,0,12,0,0,0,NA,1.03667649477451e-07,0,96462108
"29527","2020/02/08",1,0,13,0,0,0,NA,1.14034414425196e-07,0,96462108
"29526","2020/02/09",1,0,14,0,0,0,NA,1.24401179372941e-07,0,96462108
"29525","2020/02/10",0,0,14,0,0,0,NA,1.24401179372941e-07,0,96462108
"29524","2020/02/11",1,0,15,0,0,0,NA,1.34767944320686e-07,0,96462108
"29523","2020/02/12",0,0,15,0,0,0,NA,1.03667649477451e-07,0,96462108
"29522","2020/02/13",1,0,16,0,0,0,NA,1.14034414425196e-07,0,96462108
"29521","2020/02/14",0,0,16,0,0,0,NA,9.33008845297057e-08,0,96462108
"29520","2020/02/15",0,0,16,0,0,0,NA,8.29341195819606e-08,0,96462108
"29519","2020/02/16",0,0,16,0,0,0,NA,7.25673546342155e-08,0,96462108
"29518","2020/02/17",0,0,16,0,0,0,NA,6.22005896864705e-08,0,96462108
"29517","2020/02/18",0,0,16,0,0,0,NA,6.22005896864705e-08,0,96462108
"29516","2020/02/19",0,0,16,0,0,0,NA,4.14670597909803e-08,0,96462108
"29515","2020/02/20",0,0,16,0,0,0,NA,3.11002948432352e-08,0,96462108
"29514","2020/02/21",0,0,16,0,0,0,NA,2.07335298954902e-08,0,96462108
"29513","2020/02/22",0,0,16,0,0,0,NA,2.07335298954902e-08,0,96462108
"29512","2020/02/23",0,0,16,0,0,0,NA,1.03667649477451e-08,0,96462108
"29511","2020/02/24",0,0,16,0,0,0,NA,1.03667649477451e-08,0,96462108
"29510","2020/02/25",0,0,16,0,0,0,NA,0,0,96462108
"29509","2020/02/26",0,0,16,0,0,0,NA,0,0,96462108
"29508","2020/02/27",0,0,16,0,0,0,NA,0,0,96462108
"29507","2020/02/28",0,0,16,0,0,0,NA,0,0,96462108
"29506","2020/02/29",0,0,16,0,0,0,NA,0,0,96462108
"29505","2020/03/01",0,0,16,0,0,0,NA,0,0,96462108
"29504","2020/03/02",0,0,16,0,0,0,NA,0,0,96462108
"29503","2020/03/07",1,0,17,0,0,0,NA,1.03667649477451e-08,0,96462108
"29502","2020/03/08",4,0,21,0,0,0,NA,5.18338247387254e-08,0,96462108
"29501","2020/03/09",9,0,30,0,0,0,NA,1.45134709268431e-07,0,96462108
"29500","2020/03/10",4,0,34,0,0,0,NA,1.86601769059411e-07,0,96462108
"29499","2020/03/11",4,0,38,0,0,0,NA,2.28068828850392e-07,0,96462108
"29498","2020/03/12",1,0,39,0,0,0,NA,2.38435593798137e-07,0,96462108
"29497","2020/03/13",5,0,44,0,0,0,NA,2.90269418536862e-07,0,96462108
"29496","2020/03/14",9,0,53,0,0,0,NA,3.83570303066568e-07,0,96462108
"29495","2020/03/15",0,0,53,0,0,0,NA,3.83570303066568e-07,0,96462108
"29494","2020/03/16",4,0,57,0,0,0,NA,4.25037362857548e-07,0,96462108
"29493","2020/03/17",4,0,61,0,0,0,NA,4.66504422648529e-07,0,96462108
"29492","2020/03/18",7,0,68,0,0,0,NA,5.39071777282744e-07,0,96462108
"29491","2020/03/19",8,0,76,0,0,0,NA,6.1163913191696e-07,0,96462108
"29490","2020/03/20",11,0,87,0,0,0,NA,6.84206486551175e-07,0,96462108
"29489","2020/03/21",1,0,88,0,0,0,NA,6.01272366969214e-07,0,96462108
"29488","2020/03/22",7,0,95,0,0,0,NA,6.3237266181245e-07,0,96462108
"29487","2020/03/23",26,0,121,0,0,0,NA,8.60441490662841e-07,0,96462108
"29486","2020/03/24",11,0,132,0,0,0,NA,9.64109140140292e-07,0,96462108
"29485","2020/03/25",5,0,137,0,0,0,NA,9.64109140140292e-07,0,96462108
"29484","2020/03/26",16,0,153,0,0,0,NA,1.03667649477451e-06,0,96462108
"29483","2020/03/27",10,0,163,0,0,0,NA,1.14034414425196e-06,0,96462108
"29482","2020/03/28",8,0,171,0,0,0,NA,1.18181120404294e-06,0,96462108
"29481","2020/03/29",17,0,188,0,0,0,NA,1.31657914836362e-06,0,96462108
"29480","2020/03/30",15,0,203,0,0,0,NA,1.39951326794559e-06,0,96462108
"29479","2020/03/31",3,0,206,0,0,0,NA,1.34767944320686e-06,0,96462108
"29478","2020/04/01",6,0,212,0,0,0,NA,1.29584561846813e-06,0,96462108
"29477","2020/04/02",21,0,233,0,0,0,NA,1.50318091742304e-06,0,96462108
"29476","2020/04/03",3,0,236,0,0,0,NA,1.46171385763206e-06,0,96462108
"29475","2020/04/04",4,0,240,0,0,0,NA,1.23364502878166e-06,0,96462108
"29474","2020/04/05",1,0,241,0,0,0,NA,1.12997737930421e-06,0,96462108
"29473","2020/04/06",4,0,245,0,0,0,NA,1.11961061435647e-06,0,96462108
"29472","2020/04/07",6,0,251,0,0,0,NA,1.01594296487902e-06,0,96462108
"29471","2020/04/08",0,0,251,0,0,0,NA,9.12275315401567e-07,0,96462108
"29470","2020/04/09",4,0,255,0,0,0,NA,8.70808255610587e-07,0,96462108
"29469","2020/04/10",2,0,257,0,0,0,NA,7.1530678139441e-07,0,96462108
"29468","2020/04/11",1,0,258,0,0,0,NA,5.70172072125979e-07,0,96462108
"29467","2020/04/12",4,0,262,0,0,0,NA,5.80538837073724e-07,0,96462108
"29466","2020/04/13",2,0,264,0,0,0,NA,5.39071777282744e-07,0,96462108
"29465","2020/04/14",3,0,267,0,0,0,NA,3.52470008223333e-07,0,96462108
"29464","2020/04/15",1,0,268,0,0,0,NA,3.31736478327842e-07,0,96462108
"29463","2020/04/16",0,0,268,0,0,0,NA,2.90269418536862e-07,0,96462108
"29462","2020/04/17",0,0,268,0,0,0,NA,2.79902653589117e-07,0,96462108
"29461","2020/04/18",0,0,268,0,0,0,NA,2.38435593798137e-07,0,96462108
"29460","2020/04/19",0,0,268,0,0,0,NA,1.76235004111666e-07,0,96462108
"29459","2020/04/20",0,0,268,0,0,0,NA,1.76235004111666e-07,0,96462108
"29458","2020/04/21",0,0,268,0,0,0,NA,1.34767944320686e-07,0,96462108
"29457","2020/04/22",0,0,268,0,0,0,NA,1.14034414425196e-07,0,96462108
"29456","2020/04/23",0,0,268,0,0,0,NA,1.03667649477451e-07,0,96462108
"29455","2020/04/24",2,0,270,0,0,0,NA,8.29341195819606e-08,0,96462108
"29454","2020/04/25",0,0,270,0,0,0,NA,6.22005896864705e-08,0,96462108
"29453","2020/04/26",0,0,270,0,0,0,NA,3.11002948432352e-08,0,96462108
"29452","2020/04/27",0,0,270,0,0,0,NA,2.07335298954902e-08,0,96462108
"29451","2020/04/28",0,0,270,0,0,0,NA,2.07335298954902e-08,0,96462108
"29450","2020/04/29",0,0,270,0,0,0,NA,2.07335298954902e-08,0,96462108
"29449","2020/04/30",0,0,270,0,0,0,NA,2.07335298954902e-08,0,96462108
"29448","2020/05/01",0,0,270,0,0,0,NA,2.07335298954902e-08,0,96462108
"29447","2020/05/02",0,0,270,0,0,0,NA,2.07335298954902e-08,0,96462108
"29446","2020/05/03",0,0,270,0,0,0,NA,2.07335298954902e-08,0,96462108
"29445","2020/05/04",1,0,271,0,0,0,NA,3.11002948432352e-08,0,96462108
"29444","2020/05/05",0,0,271,0,0,0,NA,3.11002948432352e-08,0,96462108
"29443","2020/05/06",0,0,271,0,0,0,NA,1.03667649477451e-08,0,96462108
"29442","2020/05/07",0,0,271,0,0,0,NA,1.03667649477451e-08,0,96462108
"29441","2020/05/08",17,0,288,0,0,0,NA,1.86601769059411e-07,0,96462108
"29440","2020/05/09",0,0,288,0,0,0,NA,1.86601769059411e-07,0,96462108
"29439","2020/05/10",0,0,288,0,0,0,NA,1.86601769059411e-07,0,96462108
"29438","2020/05/11",0,0,288,0,0,0,NA,1.86601769059411e-07,0,96462108
"29437","2020/05/12",0,0,288,0,0,0,NA,1.86601769059411e-07,0,96462108
"29436","2020/05/13",0,0,288,0,0,0,NA,1.86601769059411e-07,0,96462108
"29435","2020/05/14",0,0,288,0,0,0,NA,1.86601769059411e-07,0,96462108
"29434","2020/05/15",24,0,312,0,0,0,NA,4.35404127805293e-07,0,96462108
"29433","2020/05/16",1,0,313,0,0,0,NA,4.35404127805293e-07,0,96462108
"29432","2020/05/17",5,0,318,0,0,0,NA,4.87237952544019e-07,0,96462108
"29431","2020/05/18",2,0,320,0,0,0,NA,5.07971482439509e-07,0,96462108
"29430","2020/05/19",4,0,324,0,0,0,NA,5.49438542230489e-07,0,96462108
"29429","2020/05/20",0,0,324,0,0,0,NA,3.73203538118823e-07,0,96462108
"29428","2020/05/21",0,0,324,0,0,0,NA,3.73203538118823e-07,0,96462108
"29427","2020/05/22",0,0,324,0,0,0,NA,3.73203538118823e-07,0,96462108
"29426","2020/05/23",0,0,324,0,0,0,NA,3.73203538118823e-07,0,96462108
"29425","2020/05/24",0,0,324,0,0,0,NA,3.73203538118823e-07,0,96462108
"29424","2020/05/25",1,0,325,0,0,0,NA,3.83570303066568e-07,0,96462108
"29423","2020/05/26",1,0,326,0,0,0,NA,3.93937068014313e-07,0,96462108
"29422","2020/05/27",1,0,327,0,0,0,NA,1.55501474216176e-07,0,96462108
"29421","2020/05/28",0,0,327,0,0,0,NA,1.45134709268431e-07,0,96462108
"29420","2020/05/29",0,0,327,0,0,0,NA,9.33008845297057e-08,0,96462108
"29419","2020/05/30",0,0,327,0,0,0,NA,7.25673546342155e-08,0,96462108
"29418","2020/05/31",0,0,327,0,0,0,NA,3.11002948432352e-08,0,96462108
"29417","2020/06/01",1,0,328,0,0,0,NA,4.14670597909803e-08,0,96462108
"29416","2020/06/02",0,0,328,0,0,0,NA,4.14670597909803e-08,0,96462108
"29415","2020/06/03",0,0,328,0,0,0,NA,4.14670597909803e-08,0,96462108
"29414","2020/06/04",0,0,328,0,0,0,NA,4.14670597909803e-08,0,96462108
"29413","2020/06/05",0,0,328,0,0,0,NA,4.14670597909803e-08,0,96462108
"29412","2020/06/06",1,0,329,0,0,0,NA,4.14670597909803e-08,0,96462108
"29411","2020/06/07",0,0,329,0,0,0,NA,3.11002948432352e-08,0,96462108
"29410","2020/06/08",2,0,331,0,0,0,NA,4.14670597909803e-08,0,96462108
"29409","2020/06/09",1,0,332,0,0,0,NA,5.18338247387254e-08,0,96462108
"29408","2020/06/10",0,0,332,0,0,0,NA,5.18338247387254e-08,0,96462108
"29407","2020/06/11",0,0,332,0,0,0,NA,5.18338247387254e-08,0,96462108
"29406","2020/06/12",0,0,332,0,0,0,NA,5.18338247387254e-08,0,96462108
"29405","2020/06/13",1,0,333,0,0,0,NA,5.18338247387254e-08,0,96462108
"29404","2020/06/14",1,0,334,0,0,0,NA,6.22005896864705e-08,0,96462108
"29403","2020/06/15",0,0,334,0,0,0,NA,6.22005896864705e-08,0,96462108
"29402","2020/06/16",0,0,334,0,0,0,NA,6.22005896864705e-08,0,96462108
"29401","2020/06/17",1,0,335,0,0,0,NA,7.25673546342155e-08,0,96462108
"29400","2020/06/18",0,0,335,0,0,0,NA,6.22005896864705e-08,0,96462108
"29399","2020/06/19",7,0,342,0,0,0,NA,1.34767944320686e-07,0,96462108
"29398","2020/06/20",7,0,349,0,0,0,NA,1.86601769059411e-07,0,96462108
"29397","2020/06/21",0,0,349,0,0,0,NA,1.76235004111666e-07,0,96462108
"29396","2020/06/22",0,0,349,0,0,0,NA,1.76235004111666e-07,0,96462108
"29395","2020/06/23",0,0,349,0,0,0,NA,1.76235004111666e-07,0,96462108
"29394","2020/06/24",0,0,349,0,0,0,NA,1.76235004111666e-07,0,96462108
"29393","2020/06/25",3,0,352,0,0,0,NA,1.96968534007156e-07,0,96462108
"29392","2020/06/26",0,0,352,0,0,0,NA,1.86601769059411e-07,0,96462108
"29391","2020/06/27",1,0,353,0,0,0,NA,1.96968534007156e-07,0,96462108
"29390","2020/06/28",1,0,354,0,0,0,NA,2.07335298954902e-07,0,96462108
"29389","2020/06/29",1,0,355,0,0,0,NA,2.07335298954902e-07,0,96462108
"29388","2020/06/30",0,0,355,0,0,0,NA,2.07335298954902e-07,0,96462108
"29387","2020/07/01",0,0,355,0,0,0,NA,1.34767944320686e-07,0,96462108
"29386","2020/07/02",0,0,355,0,0,0,NA,6.22005896864705e-08,0,96462108
"29385","2020/07/03",0,0,355,0,0,0,NA,6.22005896864705e-08,0,96462108
"29384","2020/07/04",0,0,355,0,0,0,NA,6.22005896864705e-08,0,96462108
"29383","2020/07/05",0,0,355,0,0,0,NA,6.22005896864705e-08,0,96462108
"29382","2020/07/06",0,0,355,0,0,0,NA,6.22005896864705e-08,0,96462108
"29381","2020/07/07",14,0,369,0,0,0,NA,1.76235004111666e-07,0,96462108
"29380","2020/07/08",0,0,369,0,0,0,NA,1.76235004111666e-07,0,96462108
"29379","2020/07/09",0,0,369,0,0,0,NA,1.65868239163921e-07,0,96462108
"29378","2020/07/10",0,0,369,0,0,0,NA,1.55501474216176e-07,0,96462108
"29377","2020/07/11",1,0,370,0,0,0,NA,1.55501474216176e-07,0,96462108
"29376","2020/07/12",0,0,370,0,0,0,NA,1.55501474216176e-07,0,96462108
"29375","2020/07/13",2,0,372,0,0,0,NA,1.76235004111666e-07,0,96462108
"29374","2020/07/14",1,0,373,0,0,0,NA,1.86601769059411e-07,0,96462108
"29373","2020/07/15",0,0,373,0,0,0,NA,1.86601769059411e-07,0,96462108
"29372","2020/07/16",0,0,373,0,0,0,NA,1.86601769059411e-07,0,96462108
"29371","2020/07/17",0,0,373,0,0,0,NA,1.86601769059411e-07,0,96462108
"29370","2020/07/18",0,0,373,0,0,0,NA,1.86601769059411e-07,0,96462108
"29369","2020/07/19",0,0,373,0,0,0,NA,4.14670597909803e-08,0,96462108
"29368","2020/07/20",0,0,373,0,0,0,NA,4.14670597909803e-08,0,96462108
