"","date","cases","deaths","cum_cases","cum_deaths","p_cases","p_cases_low","p_cases_high","p_cases_active","p_cases_active_undetected","population"
"29878","2020/03/19",2,0,2,0,NA,NA,NA,1.11975600068843e-07,0,17861034
"29877","2020/03/20",0,0,2,0,0,NA,NA,1.11975600068843e-07,0,17861034
"29876","2020/03/21",0,0,2,0,0,NA,NA,1.11975600068843e-07,0,17861034
"29875","2020/03/22",0,0,2,0,0,NA,NA,1.11975600068843e-07,0,17861034
"29874","2020/03/23",1,0,3,0,0,NA,NA,1.67963400103264e-07,0,17861034
"29873","2020/03/24",0,0,3,0,0,0,NA,1.67963400103264e-07,0,17861034
"29872","2020/03/25",0,0,3,0,0,0,NA,1.67963400103264e-07,0,17861034
"29871","2020/03/26",9,0,12,0,0,0,NA,6.71853600413056e-07,0,17861034
"29870","2020/03/27",2,0,14,0,0,0,NA,7.83829200481898e-07,0,17861034
"29869","2020/03/28",2,0,16,0,0,0,NA,8.95804800550741e-07,0,17861034
"29868","2020/03/29",12,0,28,0,0,0,NA,1.5676584009638e-06,0,17861034
"29867","2020/03/30",1,0,29,0,0,0,NA,1.62364620099822e-06,0,17861034
"29866","2020/03/31",6,0,35,0,0,0,NA,1.8475974011359e-06,0,17861034
"29865","2020/04/01",0,0,35,0,0,0,NA,1.8475974011359e-06,0,17861034
"29864","2020/04/02",1,0,36,0,0,0,NA,1.90358520117032e-06,0,17861034
"29863","2020/04/03",3,1,39,1,1.30562187935173e-05,2.16129676561215e-06,7.88715607668589e-05,2.90790972374858e-06,8.36361122474989e-07,17861034
"29862","2020/04/04",0,0,39,1,1.1013982857255e-05,1.78118013337579e-06,6.81053061994345e-05,2.85192192371416e-06,8.36361122474989e-07,17861034
"29861","2020/04/05",0,0,39,1,9.54555681438788e-06,1.50603506907658e-06,6.05016820442141e-05,2.85192192371416e-06,8.36361122474989e-07,17861034
"29860","2020/04/06",0,0,39,1,8.47272434429119e-06,1.32064533133664e-06,5.43575599829578e-05,2.85192192371416e-06,8.36361122474989e-07,17861034
"29859","2020/04/07",0,0,39,1,7.67470581758191e-06,1.18456284887714e-06,4.97239208896841e-05,2.34803172340436e-06,8.36361122474989e-07,17861034
"29858","2020/04/08",0,0,39,1,7.06862212455826e-06,1.08639729296405e-06,4.59918476080445e-05,2.23605612333552e-06,8.36361122474989e-07,17861034
"29857","2020/04/09",0,0,39,1,6.59870050046672e-06,1.00667206869055e-06,4.32542529480321e-05,2.12408052326668e-06,8.36361122474989e-07,17861034
"29856","2020/04/10",0,0,39,1,6.22735464746819e-06,9.46922651968029e-07,4.09536574341586e-05,1.45222692285362e-06,8.36361122474989e-07,17861034
"29855","2020/04/11",1,1,40,2,1.21618354890547e-05,4.89887657818505e-06,3.01926860377502e-05,1.70028501004557e-06,1.08441920966693e-06,17861034
"29854","2020/04/12",0,0,40,2,1.16559179260258e-05,4.68293258320131e-06,2.9011825450063e-05,1.36435820983904e-06,1.08441920966693e-06,17861034
"29853","2020/04/13",3,0,43,2,1.2067130486883e-05,4.83645483856691e-06,3.01079288544763e-05,2.20625103450529e-06,1.75834863422992e-06,17861034
"29852","2020/04/14",2,0,45,2,1.21957421023612e-05,4.87700217481531e-06,3.04974490672516e-05,2.69229621679804e-06,2.18840601648824e-06,17861034
"29851","2020/04/15",0,0,45,2,1.17774958462092e-05,4.69983260377603e-06,2.95136912527544e-05,1.68797169421978e-06,1.35204489401326e-06,17861034
"29850","2020/04/16",3,0,48,2,1.21324508169583e-05,4.83192169488355e-06,3.04633171066857e-05,2.44624987027968e-06,1.94235966996988e-06,17861034
"29849","2020/04/17",0,0,48,2,1.17210818637342e-05,4.65943191933267e-06,2.94850879752814e-05,2.44624987027968e-06,1.94235966996988e-06,17861034
"29848","2020/04/18",4,0,52,2,1.22680146002903e-05,4.86833992761148e-06,3.09148877175422e-05,3.38994330107124e-06,2.66210190062376e-06,17861034
"29847","2020/04/19",5,0,57,2,1.29915199543848e-05,5.13896544731032e-06,3.28431067411661e-05,4.52955031461376e-06,3.52176991399418e-06,17861034
"29846","2020/04/20",4,1,61,3,2.0092016224927e-05,1.10019516475758e-05,3.66925004684674e-05,5.84705957526471e-06,4.61532797450745e-06,17861034
"29845","2020/04/21",4,0,65,3,2.05378307818873e-05,1.12155608193421e-05,3.76086849351311e-05,7.11092608491932e-06,5.65524328402436e-06,17861034
"29844","2020/04/22",0,0,65,3,1.96235664859728e-05,1.07028321019982e-05,3.59796694893026e-05,7.11092608491932e-06,5.65524328402436e-06,17861034
"29843","2020/04/23",9,0,74,3,2.13109785636022e-05,1.15960695093384e-05,3.91648055379952e-05,9.39875596894186e-06,7.49517076777154e-06,17861034
"29842","2020/04/24",2,0,76,3,2.08526958777301e-05,1.1322658174747e-05,3.84039612128288e-05,9.94751112361897e-06,7.9319503223798e-06,17861034
"29841","2020/04/25",8,0,84,3,2.18991674613045e-05,1.18571127723867e-05,4.04460634476806e-05,1.11912532952674e-05,8.89575349385616e-06,17861034
"29840","2020/04/26",0,0,84,3,2.07637127906832e-05,1.12232111619507e-05,3.84142971768738e-05,1.06492203129403e-05,8.46569611159784e-06,17861034
"29839","2020/04/27",4,0,88,3,2.05981984352015e-05,1.11080836301435e-05,3.8196127514252e-05,1.15855020599949e-05,9.17802665851477e-06,17861034
"29838","2020/04/28",1,0,89,3,1.97544346819701e-05,1.06311837319126e-05,3.67068897918497e-05,1.10491838241818e-05,8.75368402277057e-06,17861034
"29837","2020/04/29",6,0,95,3,2.00412190885091e-05,1.07656594080287e-05,3.73084868590663e-05,1.23149450297719e-05,9.68351842815409e-06,17861034
"29836","2020/04/30",2,0,97,3,1.94929490759794e-05,1.04537538609631e-05,3.63481930732695e-05,1.17731680747737e-05,9.25371707322476e-06,17861034
"29835","2020/05/01",9,0,106,3,2.03197081998905e-05,1.08860216265874e-05,3.79285064362058e-05,1.23588193046181e-05,9.61541710293148e-06,17861034
"29834","2020/05/02",3,0,109,3,1.99413319755522e-05,1.06634868939399e-05,3.72914343042113e-05,1.15901540432943e-05,8.90273964164207e-06,17861034
"29833","2020/05/03",10,0,119,3,2.07630016613667e-05,1.10889576816633e-05,3.88767141480562e-05,1.20710775892167e-05,9.04773638735798e-06,17861034
"29832","2020/05/04",5,0,124,3,2.0615410786355e-05,1.09974714784523e-05,3.86448069197423e-05,1.29023441531827e-05,9.5990639511518e-06,17861034
"29831","2020/05/05",13,0,137,3,2.16682296223282e-05,1.15429958565063e-05,4.06750709090219e-05,1.23665777621547e-05,8.83934635998612e-06,17861034
"29830","2020/05/06",2,1,139,4,2.78317600640588e-05,1.74351076473706e-05,4.44279945917142e-05,1.22182795868165e-05,8.69104818464799e-06,17861034
"29829","2020/05/07",7,0,146,4,2.77083732180543e-05,1.73334100166114e-05,4.42933009520468e-05,1.14611282379428e-05,7.98988463580866e-06,17861034
"29828","2020/05/08",7,0,153,4,2.75354895653846e-05,1.72078209452648e-05,4.40615455040545e-05,1.27209218781891e-05,8.85776367581406e-06,17861034
"29827","2020/05/09",14,0,167,4,2.85238958827932e-05,1.78050882546976e-05,4.56955126924333e-05,1.41758649356801e-05,9.75282873296078e-06,17861034
"29826","2020/05/10",85,3,252,7,7.14679805256215e-05,5.49794803508397e-05,9.29014280931197e-05,3.80601682679643e-05,2.89341568623536e-05,17861034
"29825","2020/05/11",15,0,267,7,7.09554290612518e-05,5.45152339013042e-05,9.23535047539417e-05,4.07806671219951e-05,3.11507655160746e-05,17861034
"29824","2020/05/12",0,0,267,7,6.50933381201888e-05,4.99403487989766e-05,8.48440743713038e-05,4.03787506462017e-05,3.08608246403501e-05,17861034
"29823","2020/05/13",174,0,441,7,9.78820604526674e-05,7.49773670753756e-05,0.000127783865080616,7.72736250984251e-05,5.85177120868939e-05,17861034
"29822","2020/05/14",5,0,446,7,8.88105091389365e-05,6.79194055237751e-05,0.000116127437699027,7.77204146096241e-05,5.88525259980242e-05,17861034
"29821","2020/05/15",208,0,654,7,0.000114243339036676,8.72228007138772e-05,0.00014963450390756,0.00011230989751984,8.23564245014248e-05,17861034
"29820","2020/05/16",14,0,668,7,0.000100635892867123,7.67067614399481e-05,0.000132029859468018,0.000113587766435125,8.31304032164002e-05,17861034
"29819","2020/05/17",11,0,679,7,8.69815241566762e-05,6.61969947524788e-05,0.000114291979158693,0.000112940783366721,8.25953957480646e-05,17861034
"29818","2020/05/18",74,0,753,7,8.27085255710253e-05,6.28657035315856e-05,0.000108814501673333,0.000120668388661294,8.62918794401595e-05,17861034
"29817","2020/05/19",8,0,761,7,7.27449295186416e-05,5.52389897166777e-05,9.57987247379804e-05,0.000120104634890528,8.56721378693584e-05,17861034
"29816","2020/05/20",11,0,772,7,6.51368912796891e-05,4.94230841374817e-05,8.58468199552191e-05,0.000119772957576805,8.51165093554985e-05,17861034
"29815","2020/05/21",60,0,832,7,6.29436387072473e-05,4.77307992188236e-05,8.30051396278743e-05,0.000121920937486725,8.46890504638345e-05,17861034
"29814","2020/05/22",34,0,866,7,5.95177573704049e-05,4.51112192958792e-05,7.85251096665873e-05,0.000100151399099406,6.57748898782711e-05,17861034
"29813","2020/05/23",54,0,920,7,5.79604346748351e-05,4.39132906038854e-05,7.65010305877325e-05,9.95671645533078e-05,6.30071311308307e-05,17861034
"29812","2020/05/24",0,0,920,7,5.34979219325956e-05,4.05189477634485e-05,7.06343034329211e-05,9.95671645533078e-05,6.30071311308307e-05,17861034
"29811","2020/05/25",0,0,920,7,4.96963574941306e-05,3.76287498846295e-05,6.56340685182651e-05,6.09470318576975e-05,3.41288756412097e-05,17861034
"29810","2020/05/26",0,0,920,7,4.65322192509272e-05,3.5224759401376e-05,6.14694738931781e-05,5.99513983471714e-05,3.34131811308557e-05,17861034
"29809","2020/05/27",0,0,920,7,4.39305205428523e-05,3.32486422421027e-05,5.80441938384525e-05,2.36171253813782e-05,8.72437057222218e-06,17861034
"29808","2020/05/28",137,0,1057,7,4.80180910160599e-05,3.63365580240134e-05,6.34550213397439e-05,2.91783185068429e-05,7.39906429345299e-06,17861034
"29807","2020/05/29",0,0,1057,7,4.58452410163969e-05,3.46873224040591e-05,6.0592342625027e-05,2.77691921950263e-05,6.60580378201508e-06,17861034
"29806","2020/05/30",0,0,1057,7,4.37584753255753e-05,3.31039617361784e-05,5.7842145241678e-05,1.96411299211141e-05,2.62083871065007e-06,17861034
"29805","2020/05/31",0,0,1057,7,4.18487238690145e-05,3.16552946550446e-05,5.53245739314555e-05,1.88764000444399e-05,2.30401123425115e-06,17861034
"29804","2020/06/01",0,0,1057,7,4.01702224009828e-05,3.03823035851971e-05,5.31114029329437e-05,1.79482837179158e-05,1.99176070810572e-06,17861034
"29803","2020/06/02",32,0,1089,7,3.9897173684203e-05,3.0172925787114e-05,5.27553900214497e-05,1.52006886045523e-05,8.11823995706048e-07,17861034
"29802","2020/06/03",0,0,1089,7,3.86011464228239e-05,2.9190386450987e-05,5.1045864283373e-05,1.28639637193401e-05,3.78684311664173e-07,17861034
"29801","2020/06/04",0,0,1089,7,3.74484657252457e-05,2.83166261433017e-05,4.95252357423463e-05,9.46193820581719e-06,-4.62462548540648e-21,17861034
"29800","2020/06/05",22,0,1111,7,3.71695772512669e-05,2.8103938192502e-05,4.91595684410697e-05,1.06936698065745e-05,-4.62462548540648e-21,17861034
"29799","2020/06/06",0,0,1111,7,3.62523182341006e-05,2.7408870739455e-05,4.7949096109774e-05,1.06936698065745e-05,-4.62462548540648e-21,17861034
"29798","2020/06/07",43,0,1154,7,3.67983263641516e-05,2.78202075505602e-05,4.86738576892948e-05,1.31011452080546e-05,-4.62462548540648e-21,17861034
"29797","2020/06/08",0,0,1154,7,3.60087639532369e-05,2.72220336117592e-05,4.76316758671483e-05,1.31011452080546e-05,-4.62462548540648e-21,17861034
"29796","2020/06/09",46,3,1200,10,5.2378036676892e-05,4.30648732090503e-05,6.37052549257081e-05,8.00625540492224e-06,-4.62462548540648e-21,17861034
"29795","2020/06/10",0,0,1200,10,5.13107778737751e-05,4.21855043641293e-05,6.24099667811623e-05,8.00625540492224e-06,-4.62462548540648e-21,17861034
"29794","2020/06/11",52,0,1252,10,5.24497277237681e-05,4.31201516519076e-05,6.37978725238484e-05,1.09176210067121e-05,-4.62462548540648e-21,17861034
"29793","2020/06/12",0,0,1252,10,5.13920995295192e-05,4.22489189786949e-05,6.25139756921088e-05,1.09176210067121e-05,-4.62462548540648e-21,17861034
"29792","2020/06/13",69,0,1321,10,5.31227219950066e-05,4.36698429012386e-05,6.46217940041805e-05,1.47807792090872e-05,-4.62462548540648e-21,17861034
"29791","2020/06/14",36,0,1357,10,5.34473765235906e-05,4.39349869792021e-05,6.50192990521818e-05,1.50047304092249e-05,-4.62462548540648e-21,17861034
"29790","2020/06/15",1,1,1358,11,5.75570905048952e-05,4.81618575393871e-05,6.87851099737889e-05,1.50607182092593e-05,-4.62462548540648e-21,17861034
"29789","2020/06/16",24,0,1382,11,5.72716660651784e-05,4.79210361338024e-05,6.84468450290381e-05,1.64044254100854e-05,-4.62462548540648e-21,17861034
"29788","2020/06/17",23,0,1405,11,5.69545647607805e-05,4.76538168492031e-05,6.80705694017075e-05,1.64604132101199e-05,-4.62462548540648e-21,17861034
"29787","2020/06/18",7,0,1412,11,5.60213966863623e-05,4.68712561356224e-05,6.6957814776924e-05,1.68523278103608e-05,-4.62462548540648e-21,17861034
"29786","2020/06/19",4,0,1416,11,5.50278540434229e-05,4.603838474883e-05,6.5772609902462e-05,1.46688036090184e-05,-4.62462548540648e-21,17861034
"29785","2020/06/20",14,0,1430,11,5.44971272956088e-05,4.55928297360593e-05,6.51404376667779e-05,1.54526328095003e-05,-4.62462548540648e-21,17861034
"29784","2020/06/21",0,0,1430,11,5.35141912152029e-05,4.47691139288445e-05,6.39675081791643e-05,1.28771940079169e-05,-4.62462548540648e-21,17861034
"29783","2020/06/22",0,0,1430,11,5.26180110245722e-05,4.40181915547726e-05,6.28979743690042e-05,1.28771940079169e-05,-4.62462548540648e-21,17861034
"29782","2020/06/23",0,0,1430,11,5.1812762356229e-05,4.33434715760649e-05,6.19369479500928e-05,9.96582840612699e-06,-4.62462548540648e-21,17861034
"29781","2020/06/24",47,7,1477,18,8.63609662123344e-05,7.74263116635424e-05,9.63266404518633e-05,1.2713943106181e-05,1.16688098436166e-07,17861034
"29780","2020/06/25",12,0,1489,18,8.59340190570413e-05,7.70420060527468e-05,9.58523279656041e-05,9.54333576255975e-06,1.37385356776969e-07,17861034
"29779","2020/06/26",8,0,1497,18,8.52784164202723e-05,7.64526710157721e-05,9.51230115380674e-05,7.98350464158924e-06,1.45212636770255e-07,17861034
"29778","2020/06/27",34,3,1531,21,0.000100450594980276,9.14646025935013e-05,0.000110319421347471,1.01582942611037e-05,4.72404855148848e-07,17861034
"29777","2020/06/28",0,0,1531,21,9.91764014620467e-05,9.03027365425716e-05,0.000108922043600795,8.81458706027762e-06,4.72404855148848e-07,17861034
"29776","2020/06/29",26,1,1557,22,0.000104325683799557,9.53933290452164e-05,0.000114094438355184,9.26897927078232e-06,7.58833665550288e-07,17861034
"29775","2020/06/30",11,0,1568,22,0.000103755290740768,9.48700137571441e-05,0.000113472739492363,9.60493979691156e-06,8.70842991541838e-07,17861034
"29774","2020/07/01",26,2,1594,24,0.00011364732736658,0.000104687395077975,0.000123374117848156,1.1234709118437e-05,1.26888071231004e-06,17861034
"29773","2020/07/02",38,6,1632,30,0.00014366930090082,0.000134519412454735,0.000153441556461421,1.37961209928517e-05,2.48658538589858e-06,17861034
"29772","2020/07/03",0,0,1632,30,0.000141877684455863,0.000132839612904608,0.000151530683554553,1.37961209928517e-05,2.48658538589858e-06,17861034
"29771","2020/07/04",0,0,1632,30,0.000140073028611284,0.000131147588815963,0.000149605902186053,1.37961209928517e-05,2.48658538589858e-06,17861034
"29770","2020/07/05",0,0,1632,30,0.000138343699876376,0.000129526208551849,0.000147761441560483,1.37961209928517e-05,2.48658538589858e-06,17861034
"29769","2020/07/06",0,0,1632,30,0.000136745443708557,0.000128027774512816,0.000146056716569563,1.10480062927977e-05,2.36989728746241e-06,17861034
"29768","2020/07/07",0,0,1632,30,0.000135298576812045,0.0001266714009662,0.00014451332145801,1.03554554340438e-05,2.34920002912161e-06,17861034
"29767","2020/07/08",263,12,1895,42,0.000217837099812858,0.00020778708213717,0.000228373205720031,4.01325264138183e-05,1.78493820001186e-05,17861034
"29766","2020/07/09",0,0,1895,42,0.000215374883615448,0.000205435380151442,0.000225795286372643,3.79017489942694e-05,1.752218978174e-05,17861034
"29765","2020/07/10",0,0,1895,42,0.000211973105164803,0.000202186426998776,0.000222233499944488,3.79017489942694e-05,1.752218978174e-05,17861034
"29764","2020/07/11",0,0,1895,42,0.00020815237449239,0.000198537484652504,0.000218232899860976,3.6159637382973e-05,1.72357609713386e-05,17861034
"29763","2020/07/12",0,0,1895,42,0.000204358279819253,0.000194914124267835,0.000214260032142657,3.54317622566028e-05,1.7123751645347e-05,17861034
"29762","2020/07/13",0,0,1895,42,0.000200818015327255,0.000191533331225742,0.000210552779622713,3.35780417349396e-05,1.67257139245788e-05,17861034
"29761","2020/07/14",0,0,1895,42,0.000197618058387917,0.000188477666542302,0.000207201721654618,3.02328006600431e-05,1.55080092509903e-05,17861034
"29760","2020/07/15",388,40,2283,82,0.000458129609207912,0.000446992737942042,0.000469543956797364,0.000108092760525426,7.1644702703018e-05,17861034
"29759","2020/07/16",0,0,2283,82,0.000450611595666357,0.00043964885163141,0.000461847698215331,0.000108092760525426,7.1644702703018e-05,17861034
"29758","2020/07/17",0,0,2283,82,0.000440714300923348,0.000429981609884365,0.000451714888668354,0.000108092760525426,7.1644702703018e-05,17861034
"29757","2020/07/18",527,27,2810,109,0.000703381713245502,0.000690307949636691,0.00071670308126766,0.000240008120981077,0.000174054492540529,17861034
"29756","2020/07/19",170,0,2980,109,0.00072443618500857,0.000710948537482299,0.000738179711302715,0.000281335017441298,0.000205863462994898,17861034
"29755","2020/07/20",0,0,2980,109,0.000697533776155887,0.00068451966839616,0.000710795308509239,0.000251102216781255,0.000190355453743908,17861034
