"","date","cases","deaths","cum_cases","cum_deaths","p_cases","p_cases_daily","p_cases_active","population"
"1","2019/12/31",0,0,0,0,0,0,0,9452409
"2","2020/01/01",0,0,0,0,0,0,0,9452409
"3","2020/01/02",0,0,0,0,0,0,0,9452409
"4","2020/01/03",0,0,0,0,0,0,0,9452409
"5","2020/01/04",0,0,0,0,0,0,0,9452409
"6","2020/01/05",0,0,0,0,0,0,0,9452409
"7","2020/01/06",0,0,0,0,0,0,0,9452409
"8","2020/01/07",0,0,0,0,0,0,0,9452409
"9","2020/01/08",0,0,0,0,0,0,0,9452409
"10","2020/01/09",0,0,0,0,0,0,0,9452409
"11","2020/01/10",0,0,0,0,0,0,0,9452409
"12","2020/01/11",0,0,0,0,0,0,0,9452409
"13","2020/01/12",0,0,0,0,0,0,0,9452409
"14","2020/01/13",0,0,0,0,0,0,0,9452409
"15","2020/01/14",0,0,0,0,0,0,0,9452409
"16","2020/01/15",0,0,0,0,0,0,0,9452409
"17","2020/01/16",0,0,0,0,0,0,0,9452409
"18","2020/01/17",0,0,0,0,0,0,0,9452409
"19","2020/01/18",0,0,0,0,0,0,0,9452409
"20","2020/01/19",0,0,0,0,0,0,0,9452409
"21","2020/01/20",0,0,0,0,0,0,0,9452409
"22","2020/01/21",0,0,0,0,0,0,0,9452409
"23","2020/01/22",0,0,0,0,0,0,0,9452409
"24","2020/01/23",0,0,0,0,0,0,0,9452409
"25","2020/01/24",0,0,0,0,0,0,0,9452409
"26","2020/01/25",0,0,0,0,0,0,0,9452409
"27","2020/01/26",0,0,0,0,0,0,0,9452409
"28","2020/01/27",0,0,0,0,0,0,0,9452409
"29","2020/01/28",0,0,0,0,0,0,0,9452409
"30","2020/01/29",0,0,0,0,0,0,0,9452409
"31","2020/01/30",0,0,0,0,0,0,0,9452409
"32","2020/01/31",0,0,0,0,0,0,0,9452409
"33","2020/02/01",0,0,0,0,0,0,0,9452409
"34","2020/02/02",0,0,0,0,0,0,0,9452409
"35","2020/02/03",0,0,0,0,0,0,0,9452409
"36","2020/02/04",0,0,0,0,0,0,0,9452409
"37","2020/02/05",0,0,0,0,0,0,0,9452409
"38","2020/02/06",0,0,0,0,0,0,0,9452409
"39","2020/02/07",0,0,0,0,0,0,0,9452409
"40","2020/02/08",0,0,0,0,0,0,0,9452409
"41","2020/02/09",0,0,0,0,0,0,0,9452409
"42","2020/02/10",0,0,0,0,0,0,0,9452409
"43","2020/02/11",0,0,0,0,0,0,0,9452409
"44","2020/02/12",0,0,0,0,0,0,0,9452409
"45","2020/02/13",0,0,0,0,0,0,0,9452409
"46","2020/02/14",0,0,0,0,0,0,0,9452409
"47","2020/02/15",0,0,0,0,0,0,0,9452409
"48","2020/02/16",0,0,0,0,0,0,0,9452409
"49","2020/02/17",0,0,0,0,0,0,0,9452409
"50","2020/02/18",0,0,0,0,0,0,0,9452409
"51","2020/02/19",0,0,0,0,0,0,0,9452409
"52","2020/02/20",0,0,0,0,0,0,0,9452409
"53","2020/02/21",0,0,0,0,0,0,0,9452409
"54","2020/02/22",0,0,0,0,0,0,0,9452409
"55","2020/02/23",0,0,0,0,0,0,0,9452409
"56","2020/02/24",0,0,0,0,0,0,0,9452409
"57","2020/02/25",0,0,0,0,0,0,0,9452409
"58","2020/02/26",0,0,0,0,0,0,0,9452409
"59","2020/02/27",0,0,0,0,0,0,0,9452409
"60","2020/02/28",1,0,1,0,1.0579313696646e-07,1.0579313696646e-07,1.0579313696646e-07,9452409
"61","2020/02/29",0,0,1,0,1.0579313696646e-07,0,1.0579313696646e-07,9452409
"62","2020/03/01",0,0,1,0,1.0579313696646e-07,0,1.0579313696646e-07,9452409
"63","2020/03/02",0,0,1,0,1.0579313696646e-07,0,1.0579313696646e-07,9452409
"64","2020/03/04",3,0,4,0,4.2317254786584e-07,3.1737941089938e-07,4.2317254786584e-07,9452409
"65","2020/03/05",2,0,6,0,6.3475882179876e-07,2.1158627393292e-07,6.3475882179876e-07,9452409
"66","2020/03/11",3,0,9,0,9.52138232698141e-07,3.1737941089938e-07,9.52138232698141e-07,9452409
"67","2020/03/12",3,0,12,0,1.26951764359752e-06,3.1737941089938e-07,1.26951764359752e-06,9452409
"68","2020/03/13",9,0,21,0,2.22165587629566e-06,9.52138232698141e-07,2.22165587629566e-06,9452409
"69","2020/03/16",6,0,27,0,2.85641469809442e-06,6.3475882179876e-07,2.85641469809442e-06,9452409
"70","2020/03/17",9,0,36,0,3.80855293079256e-06,9.52138232698141e-07,3.80855293079256e-06,9452409
"71","2020/03/18",0,0,36,0,3.80855293079256e-06,0,3.80855293079256e-06,9452409
"72","2020/03/19",10,0,46,0,4.86648430045716e-06,1.0579313696646e-06,4.7606911634907e-06,9452409
"73","2020/03/20",11,0,57,0,6.03020880708823e-06,1.16372450663106e-06,5.92441567012177e-06,9452409
"74","2020/03/21",0,0,57,0,6.03020880708823e-06,0,5.92441567012177e-06,9452409
"75","2020/03/22",19,0,76,0,8.04027840945097e-06,2.01006960236274e-06,7.93448527248451e-06,9452409
"76","2020/03/23",0,0,76,0,8.04027840945097e-06,0,7.61710586158513e-06,9452409
"77","2020/03/24",5,0,81,0,8.56924409428327e-06,5.289656848323e-07,7.93448527248451e-06,9452409
"78","2020/03/25",0,0,81,0,8.56924409428327e-06,0,7.61710586158513e-06,9452409
"79","2020/03/26",5,0,86,0,9.09820977911557e-06,5.289656848323e-07,7.82869213551805e-06,9452409
"80","2020/03/27",0,0,86,0,9.09820977911557e-06,0,6.87655390281991e-06,9452409
"81","2020/03/28",8,0,94,0,9.94455487484725e-06,8.46345095731681e-07,7.08814017675283e-06,9452409
"82","2020/03/29",0,0,94,0,9.94455487484725e-06,0,6.13600194405468e-06,9452409
"83","2020/03/30",0,0,94,0,9.94455487484725e-06,0,6.13600194405468e-06,9452409
"84","2020/03/31",11,0,105,0,1.11082793814783e-05,1.16372450663106e-06,6.24179508102114e-06,9452409
"85","2020/04/01",47,0,152,0,1.60805568189019e-05,4.97227743742362e-06,1.00503480118137e-05,9452409
"86","2020/04/02",0,0,152,0,1.60805568189019e-05,0,1.00503480118137e-05,9452409
"87","2020/04/03",102,4,254,4,2.68714567894809e-05,1.07908999705789e-05,1.88311783800299e-05,9452409
"88","2020/04/04",97,0,351,4,3.71333910752275e-05,1.02619342857466e-05,2.90931126657765e-05,9452409
"89","2020/04/05",43,1,394,5,4.16824959647853e-05,4.54910488955778e-06,3.3113251870502e-05,9452409
"90","2020/04/06",170,3,564,8,5.96673292490835e-05,1.79848332842982e-05,5.10980851548002e-05,9452409
"91","2020/04/07",136,5,700,13,7.40551958765221e-05,1.43878666274386e-05,6.49569860974065e-05,9452409
"92","2020/04/08",161,0,861,13,9.10878909281221e-05,1.70326950516001e-05,8.19896811490066e-05,9452409
"93","2020/04/09",205,0,1066,13,0.000112775484006246,2.16875930781243e-05,0.000102830929131399,9452409
"94","2020/04/10",420,3,1486,16,0.00015720860153216,4.44331175259132e-05,0.000147264046657312,9452409
"95","2020/04/11",495,3,1981,19,0.000209576204330557,5.23676027983977e-05,0.00019963164945571,9452409
"96","2020/04/12",245,4,2226,23,0.00023549552288734,2.59193185567827e-05,0.000224387243505862,9452409
"97","2020/04/13",352,3,2578,26,0.000272734707099534,3.72391842121939e-05,0.000256654150280632,9452409
"98","2020/04/14",341,3,2919,29,0.000308810166805097,3.60754597055629e-05,0.000292729609986195,9452409
"99","2020/04/15",362,4,3281,33,0.000347107282386956,3.82971155818586e-05,0.000320235825597475,9452409
"100","2020/04/16",447,3,3728,36,0.000394396814610963,4.72895322240077e-05,0.000357263423535736,9452409
"101","2020/04/17",476,4,4204,40,0.000444754347806998,5.0357533196035e-05,0.000403071851842213,9452409
"102","2020/04/18",575,2,4779,42,0.000505585401562713,6.08310537557145e-05,0.000445918072313629,9452409
"103","2020/04/19",0,3,4779,45,0.000505585401562713,0,0.000431530205686191,9452409
"104","2020/04/20",0,2,4779,47,0.000505585401562713,0,0.000414497510634591,9452409
"105","2020/04/21",1485,4,6264,51,0.000662688209957906,0.000157102808395193,0.00054991272595166,9452409
"106","2020/04/22",459,4,6723,55,0.000711247259825511,4.85590498676052e-05,0.000554038658293351,9452409
"107","2020/04/23",558,3,7281,58,0.000770279830252796,5.90325704272847e-05,0.000560703625922238,9452409
"108","2020/04/24",741,2,8022,60,0.000848672544744943,7.83927144921469e-05,0.000613177021857603,9452409
"109","2020/04/25",751,3,8773,63,0.000928123190606754,7.94506458618115e-05,0.00065538848350722,9452409
"110","2020/04/26",817,4,9590,67,0.00101455618350835,8.64329929015979e-05,0.000705746016703255,9452409
"111","2020/04/27",873,5,10463,72,0.00110691359208007,9.23574085717197e-05,0.000759806309693116,9452409
"112","2020/04/28",826,3,11289,75,0.00119429872321437,8.7385131134296e-05,0.000799901908603405,9452409
"113","2020/04/29",919,4,12208,79,0.00129152261608654,9.72238928721768e-05,0.000846768268279546,9452409
"114","2020/04/30",973,5,13181,84,0.00139445933835491,0.000102936722268366,0.000888873936792198,9452409
"115","2020/05/01",846,5,14027,89,0.00148396033222854,8.95009938736252e-05,0.000978374930665823,9452409
"116","2020/05/02",890,4,14917,93,0.00157811622412869,9.41558919001495e-05,0.00107253082256597,9452409
"117","2020/05/03",911,4,15828,97,0.00167449377190513,9.63775477764451e-05,0.00101180556194722,9452409
"118","2020/05/04",877,2,16705,99,0.00176727435302472,9.27805811195855e-05,0.0010560270931992,9452409
"119","2020/05/05",784,4,17489,103,0.00185021617240642,8.29418193817047e-05,0.00107993634215362,9452409
"120","2020/05/06",861,4,18350,107,0.00194130406333454,9.10878909281221e-05,0.0010926315185896,9452409
"121","2020/05/07",905,5,19255,112,0.00203704685228919,9.57427889546464e-05,0.00110892366168243,9452409
"122","2020/05/08",913,4,20168,116,0.00213363598633957,9.65891340503781e-05,0.00111907980283121,9452409
"123","2020/05/09",933,5,21101,121,0.00223234098312927,9.87049967897073e-05,0.0011254273910492,9452409
"124","2020/05/10",951,5,22052,126,0.00233295025638438,0.000100609273255104,0.00113865153317001,9452409
"125","2020/05/11",921,5,22973,131,0.00243038573553049,9.74354791461097e-05,0.00113886311944394,9452409
"126","2020/05/12",933,4,23906,135,0.00252909073232019,9.87049967897073e-05,0.00113463139396528,9452409
"127","2020/05/13",967,7,24873,142,0.00263139269576676,0.000102301963446567,0.00114743236353823,9452409
"128","2020/05/14",952,4,25825,146,0.00273210776215883,0.00010071506639207,0.00115399153803015,9452409
"129","2020/05/15",947,5,26772,151,0.00283229386286607,0.000100186100707238,0.00115780009096094,9452409
"130","2020/05/16",958,5,27730,156,0.00293364368807994,0.000101349825213869,0.00116636933505522,9452409
"131","2020/05/17",951,4,28681,160,0.00303425296133504,0.000100609273255104,0.00118403678892862,9452409
"132","2020/05/18",969,5,29650,165,0.00313676651105554,0.0001025135497205,0.001195462447721,9452409
"133","2020/05/19",922,6,30572,171,0.00323430778333862,9.75412722830762e-05,0.00119726093104943,9452409
"134","2020/05/20",936,4,31508,175,0.00333333015953922,9.90223762006066e-05,0.00119969417319966,9452409
"135","2020/05/21",918,4,32426,179,0.00343044825927443,9.71180997352104e-05,0.00119810727614516,9452409
"136","2020/05/22",945,6,33371,185,0.00353042277370774,9.99745144333048e-05,0.00119747251732336,9452409
"137","2020/05/23",932,5,34303,190,0.00362902197736048,9.85992036527408e-05,0.00119863624182999,9452409
"138","2020/05/24",941,4,35244,194,0.00372857331924592,9.95513418854389e-05,0.00119948258692572,9452409
"139","2020/05/25",954,5,36198,199,0.00382949997191192,0.000100926652666003,0.00119810727614516,9452409
"140","2020/05/26",946,5,37144,204,0.00392958027948219,0.000100080307570271,0.00119747251732336,9452409
"141","2020/05/27",915,4,38059,208,0.0040263809998065,9.6800720324311e-05,0.00119408713694044,9452409
"142","2020/05/28",897,6,38956,214,0.00412127744366542,9.48964438589147e-05,0.00118763375558548,9452409
"143","2020/05/29",902,5,39858,219,0.00421670285320917,9.5425409543747e-05,0.00118244989187412,9452409
"144","2020/05/30",906,5,40764,224,0.00431255143530078,9.58485820916128e-05,0.00117578492424524,9452409
"145","2020/05/31",894,5,41658,229,0.00440713049974879,9.45790644480153e-05,0.00117282271641018,9452409
"146","2020/06/01",898,6,42556,235,0.00450213273674468,9.50022369958812e-05,0.00116880257720545,9452409
"147","2020/06/02",847,5,43403,240,0.00459173952375527,8.96067870105917e-05,0.00116129126448083,9452409
"148","2020/06/03",852,3,44255,243,0.00468187527645069,9.0135752695424e-05,0.00115145250274295,9452409
"149","2020/06/04",861,5,45116,248,0.00477296316737881,9.10878909281221e-05,0.00114394119001833,9452409
"150","2020/06/05",865,5,45981,253,0.0048644742308548,9.1511063475988e-05,0.00113590091160888,9452409
"151","2020/06/06",887,6,46868,259,0.00495831274334405,9.38385124892501e-05,0.00112881277143213,9452409
"152","2020/06/07",883,4,47751,263,0.00505172808328544,9.34153399413843e-05,0.00112214780380324,9452409
"153","2020/06/08",879,6,48630,269,0.00514472025067895,9.29921673935184e-05,0.00111833925087245,9452409
"154","2020/06/09",823,7,49453,276,0.00523178800240235,8.70677517233966e-05,0.00111051055873693,9452409
"155","2020/06/10",812,6,50265,282,0.00531769202961912,8.59040272167656e-05,0.00110098917640995,9452409
"156","2020/06/11",801,6,51066,288,0.00540243233232925,8.47403027101345e-05,0.00108988089702847,9452409
"157","2020/06/12",750,5,51816,293,0.0054817771850541,7.93448527248451e-05,0.0010746466853053,9452409
"158","2020/06/13",704,5,52520,298,0.00555625555347848,7.44783684243879e-05,0.00105412281673381,9452409
"159","2020/06/14",721,5,53241,303,0.0056325324052313,7.62768517528177e-05,0.00104079288147603,9452409
"160","2020/06/15",732,5,53973,308,0.00570997298149075,7.74405762594488e-05,0.00102809770504006,9452409
"161","2020/06/16",707,4,54680,312,0.00578476872932604,7.47957478352873e-05,0.00101180556194722,9452409
"162","2020/06/17",689,6,55369,318,0.00585766020069593,7.2891471369891e-05,0.000993185969841127,9452409
"163","2020/06/18",663,6,56032,324,0.00592780105050469,7.0140849808763e-05,0.00096948830716064,9452409
"164","2020/06/19",625,7,56657,331,0.00599392176110873,6.61207106040376e-05,0.000942193677823294,9452409
"165","2020/06/20",676,2,57333,333,0.00606543792169806,7.1516160589327e-05,0.000920717671019102,9452409
"166","2020/06/21",603,10,57936,343,0.00612923118328883,6.37932615907754e-05,0.000897443180886481,9452409
"167","2020/06/22",569,3,58505,346,0.00618942747822275,6.01962949339158e-05,0.000871735448603631,9452409
"168","2020/06/23",518,5,59023,351,0.00624422832317137,5.48008449486263e-05,0.000841795990842123,9452409
"169","2020/06/24",464,6,59487,357,0.00629331633872381,4.90880155524375e-05,0.000811539153669715,9452409
"170","2020/06/25",458,5,59945,362,0.00634176959545445,4.84532567306387e-05,0.000785514041975966,9452409
"171","2020/06/26",437,5,60382,367,0.00638800119630879,4.62316008543431e-05,0.000755468791077492,9452409
"172","2020/06/27",331,6,60713,373,0.00642301872464469,3.50175283358983e-05,0.000713045743153941,9452409
"173","2020/06/28",382,4,61095,377,0.00646343170296588,4.04129783211878e-05,0.000678662973639841,9452409
"174","2020/06/29",380,6,61475,383,0.00650363309501313,4.02013920472548e-05,0.000645972894317205,9452409
"175","2020/06/30",315,4,61790,387,0.00653695793315757,3.33248381444349e-05,0.000609156882652877,9452409
"176","2020/07/01",328,5,62118,392,0.00657165808208257,3.47001489249989e-05,0.000577736320973839,9452409
"177","2020/07/02",306,6,62424,398,0.0066040307819943,3.23726999117368e-05,0.000538592860296248,9452409
"178","2020/07/03",274,7,62698,405,0.00663301810152311,2.89873195288101e-05,0.000503786918234283,9452409
"179","2020/07/04",299,7,62997,412,0.00666465024947609,3.16321479529716e-05,0.000475222771253339,9452409
"180","2020/07/05",273,6,63270,418,0.00669353177586793,2.88815263918436e-05,0.000449303452696556,9452409
"181","2020/07/06",284,5,63554,423,0.0067235770267664,3.00452508984747e-05,0.000430260688042593,9452409
"182","2020/07/07",250,6,63804,429,0.00675002531100802,2.6448284241615e-05,0.000408255715553569,9452409
"183","2020/07/08",199,7,64003,436,0.00677107814526434,2.10528342563256e-05,0.000383076948955552,9452409
"184","2020/07/09",221,7,64224,443,0.00679445842853393,2.33802832695877e-05,0.000371439703889241,9452409
"185","2020/07/10",187,6,64411,449,0.00681424174514666,1.9783316612728e-05,0.000350810042180782,9452409
"186","2020/07/11",193,5,64604,454,0.00683465982058119,2.04180754345268e-05,0.000331026725568054,9452409
"187","2020/07/12",163,5,64767,459,0.00685190410190672,1.7244281325533e-05,0.000314946168749152,9452409
"188","2020/07/13",165,5,64932,464,0.00686935996950619,1.74558675994659e-05,0.000297701887423619,9452409
"189","2020/07/14",182,4,65114,468,0.00688861432043408,1.92543509278957e-05,0.000284583538439778,9452409
"190","2020/07/15",155,6,65269,474,0.00690501225666388,1.63979362298013e-05,0.000271994155140769,9452409
"191","2020/07/16",174,6,65443,480,0.00692342026249605,1.84080058321641e-05,0.000258770013019961,9452409
"192","2020/07/17",180,5,65623,485,0.00694246302715001,1.90427646539628e-05,0.000248931251282081,9452409
"193","2020/07/18",159,6,65782,491,0.00695928413592768,1.68211087776672e-05,0.000235707109161273,9452409
"194","2020/07/19",171,4,65953,495,0.00697737476234894,1.80906264212647e-05,0.000227349451340923,9452409
"195","2020/07/20",142,4,66095,499,0.00699239738779818,1.50226254492373e-05,0.000221319242533835,9452409
"196","2020/07/21",118,4,66213,503,0.00700488097796022,1.24835901620423e-05,0.000210422549426289,9452409
