"","date","cases","deaths","cum_cases","cum_deaths","p_cases","p_cases_daily","p_cases_active","population"
"1","2020/03/12",1,0,1,0,3.88854587593657e-08,3.88854587593657e-08,3.88854587593657e-08,25716554
"2","2020/03/15",3,0,4,0,1.55541835037463e-07,1.16656376278097e-07,1.55541835037463e-07,25716554
"3","2020/03/16",0,0,4,0,1.55541835037463e-07,0,1.55541835037463e-07,25716554
"4","2020/03/17",1,0,5,0,1.94427293796828e-07,3.88854587593657e-08,1.94427293796828e-07,25716554
"5","2020/03/18",0,0,5,0,1.94427293796828e-07,0,1.94427293796828e-07,25716554
"6","2020/03/19",1,0,6,0,2.33312752556194e-07,3.88854587593657e-08,2.33312752556194e-07,25716554
"7","2020/03/20",3,0,9,0,3.49969128834291e-07,1.16656376278097e-07,3.49969128834291e-07,25716554
"8","2020/03/21",5,0,14,0,5.44396422631119e-07,1.94427293796828e-07,5.44396422631119e-07,25716554
"9","2020/03/22",3,0,17,0,6.61052798909216e-07,1.16656376278097e-07,6.61052798909216e-07,25716554
"10","2020/03/23",8,0,25,0,9.72136468984141e-07,3.11083670074925e-07,9.72136468984141e-07,25716554
"11","2020/03/24",0,0,25,0,9.72136468984141e-07,0,9.72136468984141e-07,25716554
"12","2020/03/25",48,0,73,0,2.83863848943369e-06,1.86650202044955e-06,2.83863848943369e-06,25716554
"13","2020/03/26",7,0,80,0,3.11083670074925e-06,2.7219821131556e-07,3.07195124198989e-06,25716554
"14","2020/03/27",16,0,96,0,3.7330040408991e-06,6.22167340149851e-07,3.57746220586164e-06,25716554
"15","2020/03/28",5,0,101,0,3.92743133469593e-06,1.94427293796828e-07,3.77188949965847e-06,25716554
"16","2020/03/29",39,0,140,0,5.44396422631119e-06,1.51653289161526e-06,5.24953693251436e-06,25716554
"17","2020/03/30",25,1,165,1,6.41610069529533e-06,9.72136468984141e-07,6.22167340149851e-06,25716554
"18","2020/03/31",3,0,168,1,6.53275707157343e-06,1.16656376278097e-07,6.29944431901724e-06,25716554
"19","2020/04/01",0,0,168,1,6.53275707157343e-06,0,6.18278794273914e-06,25716554
"20","2020/04/02",22,0,190,1,7.38823716427948e-06,8.55480092706045e-07,6.84384074164836e-06,25716554
"21","2020/04/03",4,0,194,1,7.54377899931694e-06,1.55541835037463e-07,6.88272620040772e-06,25716554
"22","2020/04/04",24,0,218,1,8.47703000954171e-06,9.33251010224776e-07,7.50489354055757e-06,25716554
"23","2020/04/05",27,1,245,2,9.52693739604459e-06,1.04990738650287e-06,8.55480092706045e-06,25716554
"24","2020/04/06",16,1,261,3,1.01491047361944e-05,6.22167340149851e-07,7.31046624676074e-06,25716554
"25","2020/04/07",62,0,323,3,1.25600031792751e-05,2.41089844308067e-06,9.44916647852586e-06,25716554
"26","2020/04/08",26,0,349,3,1.35710251070186e-05,1.01102192774351e-06,9.83802106611951e-06,25716554
"27","2020/04/09",35,0,384,3,1.49320161635964e-05,1.3609910565778e-06,1.10045848289005e-05,25716554
"28","2020/04/10",60,0,444,3,1.72651436891584e-05,2.33312752556194e-06,1.18211794628472e-05,25716554
"29","2020/04/11",36,0,480,3,1.86650202044955e-05,1.39987651533716e-06,1.22489195092002e-05,25716554
"30","2020/04/12",53,1,533,4,2.07259495187419e-05,2.06092931424638e-06,1.41931924471685e-05,25716554
"31","2020/04/13",41,1,574,5,2.23202533278759e-05,1.59430380913399e-06,1.57874962563025e-05,25716554
"32","2020/04/14",52,1,626,6,2.43422971833629e-05,2.02204385548701e-06,1.69540600190834e-05,25716554
"33","2020/04/15",0,0,626,6,2.43422971833629e-05,0,1.6798518184046e-05,25716554
"34","2020/04/16",28,0,654,6,2.54310900286251e-05,1.08879284526224e-06,1.69540600190834e-05,25716554
"35","2020/04/17",34,0,688,6,2.67531956264436e-05,1.32210559781843e-06,1.7226258230399e-05,25716554
"36","2020/04/18",54,0,742,6,2.88530103994493e-05,2.09981477300575e-06,1.87039056632549e-05,25716554
"37","2020/04/19",59,2,801,8,3.11472524662519e-05,2.29424206680257e-06,1.85872492869768e-05,25716554
"38","2020/04/20",46,1,847,9,3.29359835691827e-05,1.78873110293082e-06,1.93649584621641e-05,25716554
"39","2020/04/21",32,1,879,10,3.41803182494824e-05,1.2443346802997e-06,1.9248302085886e-05,25716554
"40","2020/04/22",37,3,916,13,3.56190802235789e-05,1.43876197409653e-06,1.83539365344206e-05,25716554
"41","2020/04/23",36,1,952,14,3.70189567389161e-05,1.39987651533716e-06,1.83539365344206e-05,25716554
"42","2020/04/24",52,0,1004,14,3.90410005944031e-05,2.02204385548701e-06,1.83150510756612e-05,25716554
"43","2020/04/25",73,0,1077,14,4.18796390838368e-05,2.83863848943369e-06,1.95593857559609e-05,25716554
"44","2020/04/26",34,0,1111,14,4.32017446816553e-05,1.32210559781843e-06,1.88594474982923e-05,25716554
"45","2020/04/27",39,0,1150,14,4.47182775732705e-05,1.51653289161526e-06,2.03759803899076e-05,25716554
"46","2020/04/28",14,0,1164,14,4.52626739959016e-05,5.44396422631119e-07,1.98315839672765e-05,25716554
"47","2020/04/29",19,0,1183,14,4.60014977123296e-05,7.38823716427947e-07,1.9248302085886e-05,25716554
"48","2020/04/30",55,0,1238,14,4.81401979440947e-05,2.13870023176511e-06,1.92871875446454e-05,25716554
"49","2020/05/01",37,0,1275,14,4.95789599181912e-05,1.43876197409653e-06,1.84317074519393e-05,25716554
"50","2020/05/02",58,1,1333,15,5.18343165262344e-05,2.25535660804321e-06,1.88983329570517e-05,25716554
"51","2020/05/03",29,0,1362,15,5.2961994830256e-05,1.1276783040216e-06,1.87816765807736e-05,25716554
"52","2020/05/04",36,2,1398,17,5.43618713455932e-05,1.39987651533716e-06,1.87427911220142e-05,25716554
"53","2020/05/05",34,0,1432,17,5.56839769434116e-05,1.32210559781843e-06,1.86650202044955e-05,25716554
"54","2020/05/06",32,1,1464,18,5.69283116237113e-05,1.2443346802997e-06,1.78873110293082e-05,25716554
"55","2020/05/07",52,0,1516,18,5.89503554791983e-05,2.02204385548701e-06,1.70707163953615e-05,25716554
"56","2020/05/08",55,2,1571,20,6.10890557109635e-05,2.13870023176511e-06,1.78873110293082e-05,25716554
"57","2020/05/09",31,0,1602,20,6.22945049325038e-05,1.20544922154034e-06,1.75762273592333e-05,25716554
"58","2020/05/10",65,1,1667,21,6.48220597518626e-05,2.52755481935877e-06,1.95593857559609e-05,25716554
"59","2020/05/11",33,0,1700,21,6.61052798909216e-05,1.28322013905907e-06,2.0103782178592e-05,25716554
"60","2020/05/12",30,0,1730,21,6.72718436537026e-05,1.16656376278097e-06,1.91316457096079e-05,25716554
"61","2020/05/13",127,0,1857,21,7.2210296916142e-05,4.93845326243944e-06,2.26313369979508e-05,25716554
"62","2020/05/14",55,3,1912,24,7.43489971479071e-05,2.13870023176511e-06,2.25146806216727e-05,25716554
"63","2020/05/15",59,0,1971,24,7.66432392147097e-05,2.29424206680257e-06,2.36812443844537e-05,25716554
"64","2020/05/16",46,0,2017,24,7.84319703176405e-05,1.78873110293082e-06,2.40700989720473e-05,25716554
"65","2020/05/17",44,1,2061,25,8.01429305030526e-05,1.71096018541209e-06,2.4458953559641e-05,25716554
"66","2020/05/18",48,2,2109,27,8.20094325235022e-05,1.86650202044955e-06,2.50811208997908e-05,25716554
"67","2020/05/19",10,1,2119,28,8.23982871110958e-05,3.88854587593657e-07,2.34479316318975e-05,25716554
"68","2020/05/20",34,0,2153,28,8.37203927089143e-05,1.32210559781843e-06,2.26313369979508e-05,25716554
"69","2020/05/21",78,1,2231,29,8.67534584921448e-05,3.03306578323052e-06,2.4458953559641e-05,25716554
"70","2020/05/22",0,0,2231,29,8.67534584921448e-05,0,2.19313987402822e-05,25716554
"71","2020/05/23",70,0,2301,29,8.94754406053004e-05,2.7219821131556e-06,2.33701607143788e-05,25716554
"72","2020/05/24",65,1,2366,30,9.20029954246592e-05,2.52755481935877e-06,2.47311517709566e-05,25716554
"73","2020/05/25",10,0,2376,30,9.23918500122528e-05,3.88854587593657e-07,2.01815530961108e-05,25716554
"74","2020/05/26",47,0,2423,30,9.4219466573943e-05,1.82761656169019e-06,1.98704694260359e-05,25716554
"75","2020/05/27",54,0,2477,30,9.63192813469487e-05,2.09981477300575e-06,1.9676042132239e-05,25716554
"76","2020/05/28",79,1,2556,31,9.93912325889386e-05,3.07195124198989e-06,2.09592622712981e-05,25716554
"77","2020/05/29",85,1,2641,32,0.000102696496583485,3.30526399454608e-06,2.25535660804321e-05,25716554
"78","2020/05/30",109,0,2750,32,0.000106935011588256,4.23851500477086e-06,2.49255790647534e-05,25716554
"79","2020/05/31",49,1,2799,33,0.000108840399067464,1.90538747920892e-06,2.64421119563687e-05,25716554
"80","2020/06/01",34,0,2833,33,0.000110162504665283,1.32210559781843e-06,2.64421119563687e-05,25716554
"81","2020/06/02",118,0,2951,33,0.000114750988798888,4.58848413360515e-06,2.79975303067433e-05,25716554
"82","2020/06/03",73,0,3024,33,0.000117589627288322,2.83863848943369e-06,3.0836168796177e-05,25716554
"83","2020/06/04",0,0,3024,33,0.000117589627288322,0,2.81141866830214e-05,25716554
"84","2020/06/05",238,2,3262,35,0.000126844366473051,9.25473918472903e-06,3.48413710483916e-05,25716554
"85","2020/06/06",169,1,3431,36,0.000133416009003384,6.5716425303328e-06,4.10241589911308e-05,25716554
"86","2020/06/07",126,0,3557,36,0.000138315576807064,4.89956780368007e-06,4.40961102331207e-05,25716554
"87","2020/06/08",182,0,3739,36,0.000145392730301268,7.07715349420455e-06,4.90734489543195e-05,25716554
"88","2020/06/09",142,2,3881,38,0.000150914465445098,5.52173514382992e-06,5.15232328561595e-05,25716554
"89","2020/06/10",114,0,3995,38,0.000155347407743666,4.43294229856769e-06,5.26509111601811e-05,25716554
"90","2020/06/11",186,3,4181,41,0.000162580103072908,7.23269532924201e-06,5.56450914846523e-05,25716554
"91","2020/06/12",223,0,4404,41,0.000171251560376246,8.67145730333854e-06,6.24111613087819e-05,25716554
"92","2020/06/13",280,4,4684,45,0.000182139488828869,1.08879284526224e-05,7.19769841635858e-05,25716554
"93","2020/06/14",164,0,4848,45,0.000188516704065405,6.37721523653597e-06,7.37657152665167e-05,25716554
"94","2020/06/15",236,0,5084,45,0.000197693672332615,9.1769682672103e-06,8.01040450442933e-05,25716554
"95","2020/06/16",355,1,5439,46,0.00021149801019219,1.38043378595748e-05,9.39083829038681e-05,25716554
"96","2020/06/17",240,0,5679,46,0.000220830520294438,9.33251010224776e-06,9.39861538213868e-05,25716554
"97","2020/06/18",384,2,6063,48,0.000235762536458034,1.49320161635964e-05,0.00010234652745465,25716554
"98","2020/06/19",0,0,6063,48,0.000235762536458034,0,9.74469596509703e-05,25716554
"99","2020/06/20",381,1,6444,49,0.000250577896245352,1.48153597873183e-05,0.000105185165944084,25716554
"100","2020/06/21",430,0,6874,49,0.00026729864351188,1.67207472665272e-05,0.000116384178066781,25716554
"101","2020/06/22",618,2,7492,51,0.000291329857025168,2.4031213513288e-05,0.000135982449281502,25716554
"102","2020/06/23",0,3,7492,54,0.000291329857025168,0,0.00012874975395226,25716554
"103","2020/06/24",412,4,7904,58,0.000307350666034026,1.60208090088587e-05,0.00013609910565778,25716554
"104","2020/06/25",0,0,7904,58,0.000307350666034026,0,0.000125211177205157,25716554
"105","2020/06/26",260,0,8164,58,0.000317460885311461,1.01102192774351e-05,0.000128944181246057,25716554
"106","2020/06/27",170,2,8334,60,0.000324071413300553,6.61052798909216e-06,0.000126377740967938,25716554
"107","2020/06/28",405,4,8739,64,0.000339820024098097,1.57486107975431e-05,0.000128322013905907,25716554
"108","2020/06/29",205,2,8944,66,0.000347791543143766,7.97151904566996e-06,0.000126961022849329,25716554
"109","2020/06/30",270,0,9214,66,0.000358290617008795,1.04990738650287e-05,0.000122528080550761,25716554
"110","2020/07/01",285,2,9499,68,0.000369372972755214,1.10823557464192e-05,0.00013361043629718,25716554
"111","2020/07/02",203,0,9702,68,0.000377266720883366,7.89374812815123e-06,0.000126688824638013,25716554
"112","2020/07/03",290,0,9992,68,0.000388543503923582,1.1276783040216e-05,0.000121244860411702,25716554
"113","2020/07/04",252,2,10244,70,0.000398342639530942,9.79913560736015e-06,0.000107012782505774,25716554
"114","2020/07/05",218,2,10462,72,0.000406819669540484,8.47703000954171e-06,0.000115489812515316,25716554
"115","2020/07/06",310,2,10772,74,0.000418874161755887,1.20544922154034e-05,0.000111523495721861,25716554
"116","2020/07/07",194,1,10966,75,0.000426417940755204,7.54377899931694e-06,0.000119067274721178,25716554
"117","2020/07/08",0,0,10966,75,0.000426417940755204,0,0.000108957055443743,25716554
"118","2020/07/09",538,3,11504,78,0.000447338317567743,2.09203768125387e-05,0.000123266904267189,25716554
"119","2020/07/10",246,1,11750,79,0.000456904140422547,9.56582285480395e-06,0.00011708411632445,25716554
"120","2020/07/11",302,2,12052,81,0.000468647548967875,1.17434085453284e-05,0.000120856005824108,25716554
"121","2020/07/12",391,1,12443,82,0.000483851763342787,1.5204214374912e-05,0.000125561146333992,25716554
"122","2020/07/13",323,2,12766,84,0.000496411766522062,1.25600031792751e-05,0.000127038793766848,25716554
"123","2020/07/14",106,0,12872,84,0.000500533625150555,4.12185862849276e-06,0.000123266904267189,25716554
"124","2020/07/15",165,3,13037,87,0.00050694972584585,6.41610069529533e-06,0.000118406221922268,25716554
"125","2020/07/16",366,0,13403,87,0.000521181803751778,1.42320779059278e-05,0.000122839164220836,25716554
"126","2020/07/17",151,0,13554,87,0.000527053508024442,5.87170427266421e-06,0.000120233838483959,25716554
"127","2020/07/18",142,0,13696,87,0.000532575243168272,5.52173514382992e-06,0.000113701081412385,25716554
"128","2020/07/19",216,4,13912,91,0.000540974502260295,8.39925909202298e-06,0.000114556561505091,25716554
"129","2020/07/20",207,1,14119,92,0.000549023792223484,8.04928996318869e-06,0.00012260585146828,25716554
"130","2020/07/21",193,0,14312,92,0.000556528685764041,7.50489354055757e-06,0.000109190368196299,25716554
